# %ECSV 1.0
# ---
# datatype:
# - {name: wavelength, datatype: float64}
# - {name: bin_width, datatype: float64}
# - {name: rp^2_value, datatype: float64}
# - {name: rp^2_errorneg, datatype: float64}
# - {name: rp^2_errorpos, datatype: float64}
# schema: astropy-2.0
wavelength bin_width rp^2_value rp^2_errorneg rp^2_errorpos
2.2720000000000002 0.0020000000000000018 0.00295768328804458 5.8271392062814436e-05 6.009420353744006e-05
2.276 0.0020000000000000018 0.002897024854103398 5.667318814519878e-05 5.744188933993512e-05
2.2800000000000002 0.0020000000000000018 0.0029602137509403847 6.006284882632438e-05 6.042186876144924e-05
2.284 0.0020000000000000018 0.0029388921225003985 5.9452421601262784e-05 5.9433228713527946e-05
2.2880000000000003 0.0020000000000000018 0.0029830109444510225 5.762607770336964e-05 6.043704689521947e-05
2.292 0.0020000000000000018 0.0030343280390339933 5.9994692685421454e-05 5.9611394816933266e-05
2.2960000000000003 0.0020000000000000018 0.002926339557766918 6.039397975035436e-05 6.0928516657855845e-05
2.3 0.0020000000000000018 0.0030231270771686 5.9481920107574884e-05 5.803568027270027e-05
2.3040000000000003 0.0020000000000000018 0.0030605004597001914 5.9514001109105524e-05 6.12561237735734e-05
2.308 0.0020000000000000018 0.002962912187512569 6.276199877671036e-05 6.368637666942728e-05
2.3120000000000003 0.0020000000000000018 0.0029811999093627057 6.224544499188562e-05 6.074670748944808e-05
2.316 0.0020000000000000018 0.0029574663264526433 6.150590813406307e-05 6.107500226580371e-05
2.3200000000000003 0.0020000000000000018 0.0029914210793823446 6.0677592950240423e-05 5.935867720800172e-05
2.324 0.0020000000000000018 0.0031297048383208577 6.28900106025565e-05 6.325403913488891e-05
2.3280000000000003 0.0020000000000000018 0.003145257563716275 6.506354942909052e-05 6.606476624931726e-05
2.332 0.0020000000000000018 0.0029815297330090893 6.162996085687638e-05 6.0499851064079336e-05
2.3360000000000003 0.0020000000000000018 0.00291508078516499 6.451068671663824e-05 6.463831090982577e-05
2.34 0.0020000000000000018 0.0029632996501860976 6.169644980218636e-05 6.337623629755311e-05
2.3440000000000003 0.0020000000000000018 0.0030938689149874266 6.197407786257946e-05 6.42092012626298e-05
2.348 0.0020000000000000018 0.003037426272266786 6.138674537250989e-05 6.269038027909664e-05
2.3520000000000003 0.0020000000000000018 0.0029332308171622005 6.616122146512523e-05 6.696624354297995e-05
2.356 0.0020000000000000018 0.002977729787513969 6.450994679040815e-05 6.326183615307842e-05
2.3600000000000003 0.0020000000000000018 0.0030000178560665074 6.20331395893188e-05 6.200303528349979e-05
2.364 0.0020000000000000018 0.0028891738747604347 6.0120146918602596e-05 6.138814534847924e-05
2.3680000000000003 0.0020000000000000018 0.002851737219627356 6.123665563984417e-05 6.175572343215807e-05
2.372 0.0020000000000000018 0.002881536139698872 6.484047867193069e-05 6.66348545638228e-05
2.3760000000000003 0.0020000000000000018 0.002940488475132823 6.301736979668704e-05 6.384551022134291e-05
2.38 0.0020000000000000018 0.002952194660625405 6.153901771119297e-05 6.024860680247995e-05
2.3840000000000003 0.0020000000000000018 0.002945358639342291 6.674609502442747e-05 6.804820788246712e-05
2.388 0.0020000000000000018 0.0028839616772790774 6.660661256568294e-05 6.630353487155436e-05
2.3920000000000003 0.0020000000000000018 0.0028968995224275974 6.671459580138072e-05 6.703618496522491e-05
2.396 0.0020000000000000018 0.0029707179762440464 6.981311988239454e-05 7.042832079999463e-05
2.4000000000000004 0.0020000000000000018 0.0030848132780247665 6.24497586947507e-05 6.347043329881083e-05
2.404 0.0020000000000000018 0.0028733500470461667 6.590976194781935e-05 6.6061451389713e-05
2.4080000000000004 0.0020000000000000018 0.0030053131447983716 6.56910447855044e-05 6.638072846923805e-05
2.412 0.0020000000000000018 0.002930139052708173 6.917133654504642e-05 6.93549103296786e-05
2.4160000000000004 0.0020000000000000018 0.0027042649897611286 6.633383169036243e-05 6.664825663707605e-05
2.42 0.0020000000000000018 0.0029436836268542407 6.589936629347853e-05 6.545309987468278e-05
2.4240000000000004 0.0020000000000000018 0.0030085219923410133 6.810371598992308e-05 6.860777616801012e-05
2.428 0.0020000000000000018 0.002806875343190538 7.042494738008966e-05 7.102433592102e-05
2.4320000000000004 0.0020000000000000018 0.002910088611011594 6.88441415773568e-05 7.014528822424631e-05
2.436 0.0020000000000000018 0.0030219278478481547 7.009399535367299e-05 7.09072456755431e-05
2.4400000000000004 0.0020000000000000018 0.002862775927532687 6.74786132580465e-05 6.84496121673055e-05
2.444 0.0020000000000000018 0.0029473773477462465 6.661169598577927e-05 6.766459748812261e-05
2.4480000000000004 0.0020000000000000018 0.0030467921719164273 7.064205230663352e-05 7.180810888540766e-05
2.452 0.0020000000000000018 0.0028389325911034875 7.114191051298645e-05 7.155227453553873e-05
2.4560000000000004 0.0020000000000000018 0.0028924302877895406 6.75607772903518e-05 6.873497162064764e-05
2.46 0.0020000000000000018 0.003083541633995857 7.180757063329291e-05 7.129408450389039e-05
2.4640000000000004 0.0020000000000000018 0.002935475866149337 6.711339923343726e-05 6.801650857410878e-05
2.468 0.0020000000000000018 0.0028315117467256085 6.738367971678488e-05 6.832360779908874e-05
2.4720000000000004 0.0020000000000000018 0.00289319276700494 7.428224775947977e-05 7.37301114806816e-05
2.476 0.0020000000000000018 0.002895028150043964 7.013135378341378e-05 6.982012086649298e-05
2.4800000000000004 0.0020000000000000018 0.002966739639141532 7.229143052641437e-05 7.375100313476842e-05
2.484 0.0020000000000000018 0.003077477975440939 7.349861474735195e-05 7.340452522166564e-05
2.4880000000000004 0.0020000000000000018 0.0030851346006300147 7.76292410821517e-05 7.673724035601667e-05
2.492 0.0020000000000000018 0.0028346007401027747 7.235945645397068e-05 7.18972028667139e-05
2.4960000000000004 0.0020000000000000018 0.0028159100623598395 7.205414226964984e-05 7.255691059763125e-05
2.5 0.0019999999999997797 0.0028797148069669857 7.688852948880024e-05 7.5735983153078e-05
2.5039999999999996 0.0020000000000000018 0.0030528027930070926 7.305789556428079e-05 7.202858866239533e-05
2.508 0.0020000000000000018 0.0029905283763947683 7.021351329334052e-05 7.044875940308065e-05
2.5119999999999996 0.0020000000000000018 0.0028787564030855156 7.58093530891903e-05 7.548668633383313e-05
2.516 0.0020000000000000018 0.0030296985362553938 7.609649044563451e-05 7.460470537698927e-05
2.5199999999999996 0.0020000000000000018 0.002778720057350938 8.005655066060892e-05 8.120217113158357e-05
2.524 0.0020000000000000018 0.0029564055084330882 7.666226194107985e-05 7.549725707413487e-05
2.5279999999999996 0.0020000000000000018 0.002995659661680494 7.272837495764153e-05 7.363398403655106e-05
2.532 0.0020000000000000018 0.0029689434738088415 7.579317722387902e-05 7.642384161794845e-05
2.5359999999999996 0.0020000000000000018 0.002949901264091668 7.76799356184861e-05 7.784647694029315e-05
2.54 0.0020000000000000018 0.002911050784830533 7.730980541864347e-05 7.565800298243172e-05
2.5439999999999996 0.0020000000000000018 0.002841897466499201 7.681485198055785e-05 8.022487101924875e-05
2.548 0.0020000000000000018 0.0029923206157390168 7.821224678522054e-05 7.897256638418094e-05
2.5519999999999996 0.0020000000000000018 0.003041174661015249 7.56047977095893e-05 7.415923699241427e-05
2.556 0.0020000000000000018 0.003019785169700487 7.480825750823651e-05 7.654542904013927e-05
2.5599999999999996 0.0020000000000000018 0.0028375468879588916 7.676882585595356e-05 7.689323963368938e-05
2.564 0.0020000000000000018 0.0029727022053832597 7.531643554345132e-05 7.727784360645872e-05
2.5679999999999996 0.0020000000000000018 0.002885439679303365 7.892012016032148e-05 7.954088743165628e-05
2.572 0.0020000000000000018 0.0028800989002729332 7.349301411478659e-05 7.717485508668782e-05
2.5759999999999996 0.0020000000000000018 0.0029487666218687546 7.817449929842409e-05 7.644761879231111e-05
2.58 0.0020000000000000018 0.0030018743754664174 7.67324055658187e-05 7.735478928138154e-05
2.5839999999999996 0.0020000000000000018 0.0030205185512012416 7.746269984910481e-05 7.85920850726444e-05
2.588 0.0020000000000000018 0.002867102292798902 8.188361579179e-05 7.976132540831295e-05
2.5919999999999996 0.0020000000000000018 0.002692753781991984 7.958710668464842e-05 8.023202674552286e-05
2.596 0.0020000000000000018 0.0029937680120162386 7.849831739326031e-05 7.947672440498975e-05
2.5999999999999996 0.0020000000000000018 0.003109058187646039 8.20289507632581e-05 8.25101528565712e-05
2.604 0.0020000000000000018 0.0028997097184805276 7.732983912283426e-05 7.604985781798452e-05
2.6079999999999997 0.0020000000000000018 0.0029072295704634273 7.993075857341955e-05 8.122184387965477e-05
2.612 0.0020000000000000018 0.0028343322442711 7.649049467374925e-05 7.494191337592895e-05
2.6159999999999997 0.0020000000000000018 0.0029128609774333276 7.840298361202211e-05 7.856280482521722e-05
2.62 0.0020000000000000018 0.0029745249790369176 8.136195573931002e-05 8.201461391691171e-05
2.6239999999999997 0.0020000000000000018 0.003129010527149794 8.266737123656907e-05 8.172377624963891e-05
2.628 0.0020000000000000018 0.002899844033400701 7.643917023534728e-05 7.626244484771044e-05
2.6319999999999997 0.0020000000000000018 0.003043157041854049 7.75526033163108e-05 7.727235240459051e-05
2.636 0.0020000000000000018 0.0029699776316888917 7.38184096880771e-05 7.424633301615939e-05
2.6399999999999997 0.0020000000000000018 0.002814886381582519 7.959841518423265e-05 7.765627561082513e-05
2.644 0.0020000000000000018 0.002964613100580274 7.980011690098422e-05 8.028506155446447e-05
2.6479999999999997 0.0020000000000000018 0.0030113254793314153 7.984436486485223e-05 8.224349163895228e-05
2.652 0.0020000000000000018 0.002728370763323997 7.782357318017637e-05 7.739442728885246e-05
2.6559999999999997 0.0020000000000000018 0.0028535893551754218 8.185423192450013e-05 8.597501177975584e-05
2.66 0.0020000000000000018 0.00298041583654053 7.990003136327042e-05 7.973869485809748e-05
2.6639999999999997 0.0020000000000000018 0.0030360175569209614 7.686664611888851e-05 7.640699000672612e-05
2.668 0.0020000000000000018 0.0028440426122181978 7.904937413098214e-05 8.174306240342662e-05
2.6719999999999997 0.0020000000000000018 0.0030291930527711294 8.347220736325007e-05 8.154644523167926e-05
2.676 0.0020000000000000018 0.002928462998802115 8.073514472683486e-05 8.398595377717786e-05
2.6799999999999997 0.0020000000000000018 0.0028726061172822184 8.376147785581559e-05 8.329973566014066e-05
2.684 0.0020000000000000018 0.002901806671223791 7.868834316460734e-05 7.880163449551329e-05
2.6879999999999997 0.0020000000000000018 0.0030100071906609027 8.082140480187e-05 8.031567525965122e-05
2.692 0.0020000000000000018 0.002997240479498033 9.046242041457764e-05 9.118890872713897e-05
2.6959999999999997 0.0020000000000000018 0.0030496055674984718 8.147912682164322e-05 8.248286614197242e-05
2.7 0.0020000000000000018 0.002938591608661974 8.383866072089914e-05 8.574378902623204e-05
2.7039999999999997 0.0020000000000000018 0.002738041227538387 8.65036432496644e-05 8.621980092896097e-05
2.708 0.0020000000000000018 0.0029744436628082144 8.592655058254402e-05 8.596279648971465e-05
2.7119999999999997 0.0020000000000000018 0.0028356126623633178 8.698241993657053e-05 8.630259767796085e-05
2.716 0.0020000000000000018 0.0029855782970455184 8.711786199031403e-05 8.742510518067875e-05
2.7199999999999998 0.0020000000000000018 0.0027695460775111615 9.371660217597725e-05 9.413538463415175e-05
2.724 0.0020000000000000018 0.0030604643491364556 8.666091998298011e-05 8.898462554278626e-05
2.7279999999999998 0.0020000000000000018 0.0027840554003791137 8.744719932154586e-05 8.702016313412051e-05
2.732 0.0020000000000000018 0.0028690021575989407 9.507578068445981e-05 9.732857695910401e-05
2.7359999999999998 0.0020000000000000018 0.00319740722531933 9.134796952376453e-05 9.119081228059272e-05
2.74 0.0020000000000000018 0.0028377103521934686 8.788036962297094e-05 8.90039000666339e-05
2.7439999999999998 0.0020000000000000018 0.0030012241252635415 8.994634955581575e-05 9.163171281025657e-05
2.748 0.0020000000000000018 0.002878664130764416 9.146834954181383e-05 9.403818978415482e-05
2.752 0.0020000000000000018 0.002842925884750086 9.915218579727506e-05 0.00010129937093809969
2.7560000000000002 0.0020000000000000018 0.0030072243262912715 9.45717134144962e-05 9.353259891211121e-05
2.76 0.0020000000000000018 0.0028118095883215588 9.355552930509232e-05 9.327251856707354e-05
2.7640000000000002 0.0020000000000000018 0.0029303924113917115 9.439650580668653e-05 9.416647257739575e-05
2.768 0.0020000000000000018 0.0028962239982807934 8.90425497237354e-05 8.941347074136905e-05
2.7720000000000002 0.0020000000000000018 0.0029684323807244923 9.718104998082244e-05 9.921585397697046e-05
2.776 0.0020000000000000018 0.002746112094250002 9.54210769308181e-05 9.73314195792498e-05
2.7800000000000002 0.0020000000000000018 0.002880682701656916 9.716767391898876e-05 9.813401695138056e-05
2.784 0.0020000000000000018 0.003030913842861117 9.503464787153108e-05 9.452419726077316e-05
2.7880000000000003 0.0020000000000000018 0.0030655358558188636 9.323456387592922e-05 9.571091405204644e-05
2.792 0.0020000000000000018 0.0028625600997864028 9.175292481324124e-05 9.175727602792581e-05
2.7960000000000003 0.0020000000000000018 0.0029302529897071035 9.357047946293535e-05 9.277675168318025e-05
2.8 0.0020000000000000018 0.002835102300954026 9.706293283256616e-05 9.956874006234731e-05
2.8040000000000003 0.0020000000000000018 0.0029379287405670923 0.00010114260986019818 0.00010219285072318469
2.808 0.0020000000000000018 0.0032115107851423573 9.592162934373392e-05 9.487401825626889e-05
2.8120000000000003 0.0020000000000000018 0.002969132386180192 9.831820021667268e-05 9.821901209693118e-05
2.816 0.0020000000000000018 0.0027983237888123407 9.75014813501653e-05 9.772941821501813e-05
2.8200000000000003 0.0020000000000000018 0.0029101890397788556 9.993867353529431e-05 0.00010007642837099422
2.824 0.0020000000000000018 0.002974025645326919 0.0001022882346082732 0.00010416234686121822
2.8280000000000003 0.0020000000000000018 0.0026568617030469544 9.949514334904857e-05 9.956844952060777e-05
2.832 0.0020000000000000018 0.002836498201131601 9.821999737552557e-05 9.818940379942211e-05
2.8360000000000003 0.0020000000000000018 0.0028218482561659015 9.271009364712974e-05 9.362846357318213e-05
2.84 0.0020000000000000018 0.0027299394319117184 9.844751079149394e-05 0.00010066878844759274
2.8440000000000003 0.0020000000000000018 0.0027500987764061237 9.790524221317499e-05 9.615323719735017e-05
2.848 0.0020000000000000018 0.0028695289003862843 9.752785862733853e-05 9.744588452908001e-05
2.8520000000000003 0.0020000000000000018 0.002978592402407437 0.00010208150524999675 0.00010429909175437057
2.856 0.0020000000000000018 0.002839673134771378 9.673866691485436e-05 9.781375800272437e-05
2.8600000000000003 0.0020000000000000018 0.0029422560771361077 0.00010100766112543149 0.00010287815444464136
2.864 0.0020000000000000018 0.002768562267923777 0.00010000267059140063 9.894937737688157e-05
2.8680000000000003 0.0020000000000000018 0.0028883543132050982 0.00010044921443998515 9.994912205621041e-05
2.872 0.0020000000000000018 0.0029801821222420325 0.00010712795360556153 0.00010992471198313864
2.8760000000000003 0.0020000000000000018 0.0032121616170389753 0.00010022011631001266 0.0001030987959797381
2.88 0.0020000000000000018 0.0028686171682378984 9.470376964557971e-05 9.562266843238113e-05
2.8840000000000003 0.0020000000000000018 0.002902426712729955 0.00010406134279550934 0.00010812028336204061
2.888 0.0020000000000000018 0.0027950075715422514 0.00010034695657041475 0.00010343409102522242
2.8920000000000003 0.0020000000000000018 0.0030375004610250353 0.00010179936692371674 0.0001028718778957596
2.896 0.0020000000000000018 0.002850262030943373 9.63496763661557e-05 9.78260886192444e-05
2.9000000000000004 0.0020000000000000018 0.002952408236507389 0.0001029580955954376 0.00010128656160446293
2.904 0.0020000000000000018 0.0028680338846647914 9.995304095461541e-05 0.0001031004868929878
2.9080000000000004 0.0020000000000000018 0.0027543941201698076 0.00010565507491469128 0.00010679994926178406
2.912 0.0020000000000000018 0.002892060500646865 0.00010554843727397008 0.00010685936435342325
2.9160000000000004 0.0020000000000000018 0.002725212810353456 9.900007055846632e-05 0.0001009302788728449
2.92 0.0020000000000000018 0.002839547673825158 9.881365028339452e-05 0.00010013869624008603
2.9240000000000004 0.0020000000000000018 0.003063405371990684 0.00010282767517944859 0.00010268242916050161
2.928 0.0020000000000000018 0.0029241707854650322 0.00010921708731234615 0.00011143585668127974
2.9320000000000004 0.0020000000000000018 0.002841132249489302 0.00010452140366752237 0.00010675809511404791
2.936 0.0020000000000000018 0.003287065396563238 0.00010609785494906975 0.00010416744409551086
2.9400000000000004 0.0020000000000000018 0.0029159311251152433 0.00010279171644233306 0.00010424173195636372
2.944 0.0020000000000000018 0.0025360721455410695 0.00010428879208723187 0.00010518131074951269
2.9480000000000004 0.0020000000000000018 0.0029825686813437133 0.00010345627247083109 9.995405521924993e-05
2.952 0.0020000000000000018 0.002952872983880894 0.00010160201976371552 0.00010155135989608132
2.9560000000000004 0.0020000000000000018 0.0030356438907123196 0.00011325512511912387 0.0001152736792650955
2.96 0.0020000000000000018 0.002978489984362824 0.00010020892652525199 0.0001027490339343606
2.9640000000000004 0.0020000000000000018 0.002961532013832114 0.00010363757344566309 0.00010584208137356856
2.968 0.0020000000000000018 0.0028214072246196898 0.00010506536952438602 0.00010342786868772647
2.9720000000000004 0.0020000000000000018 0.002968073399861687 0.00010292045375947731 0.00010845488087308109
2.976 0.0020000000000000018 0.0028850843078128507 0.00010336856489343623 0.00010017626539928545
2.9800000000000004 0.0020000000000000018 0.002773636290045432 0.00010279315744215903 0.00010134125009842116
2.984 0.0020000000000000018 0.002830591342484774 0.00010927346427347211 0.0001080533707560451
2.9880000000000004 0.0020000000000000018 0.002938925470871996 0.0001078308469610878 0.00011000805845455585
2.992 0.0020000000000000018 0.0028343414145570686 0.00010348376485187251 0.00010439116132128804
2.9960000000000004 0.0020000000000000018 0.002775679391011565 0.00011066002232483236 0.00011225039847915022
3.0 0.0019999999999997797 0.002889149248386799 9.859884733895647e-05 9.944606126174827e-05
3.0039999999999996 0.0020000000000000018 0.002721131910651108 0.00010670799171665513 0.00010563901202712781
3.008 0.0020000000000000018 0.002762998872123109 0.0001341195272530197 0.00013132660818667352
3.0119999999999996 0.0020000000000000018 0.002948819381117205 0.0001081231975714205 0.00010922336989039683
3.016 0.0020000000000000018 0.0029644044919943983 9.916649568564003e-05 9.982197442699129e-05
3.0199999999999996 0.0020000000000000018 0.002915294852742283 0.00010599006378043561 0.00010651252223195691
3.024 0.0020000000000000018 0.0028492953496060155 0.00010375707871332004 0.00010538791869142477
3.0279999999999996 0.0020000000000000018 0.0031086588856918933 0.00011043910989563029 0.00011102482649817625
3.032 0.0020000000000000018 0.002967781864673835 0.00010752468864393431 0.00010517363925555698
3.0359999999999996 0.0020000000000000018 0.0028453684289491575 0.00010288593553390343 0.00010380427383048681
3.04 0.0020000000000000018 0.0028854385798074665 0.00010582811791940089 0.00010408327407323116
3.0439999999999996 0.0020000000000000018 0.0028487888646125943 0.00010411415233248797 0.0001078813693561804
3.048 0.0020000000000000018 0.003123863446624008 0.00011213836741539446 0.00011598186285468378
3.0519999999999996 0.0020000000000000018 0.002865039319778802 0.00010680249397395248 0.00010745945023577733
3.056 0.0020000000000000018 0.0029430103317264855 0.00010659358722437621 0.00010610017348996288
3.0599999999999996 0.0020000000000000018 0.002877906295622019 0.00010283531458986101 0.00010259396089777086
3.064 0.0020000000000000018 0.0027411857354573215 0.00011595989889442732 0.00011450052490933303
3.0679999999999996 0.0020000000000000018 0.0026604160628667024 0.000171645515329459 0.00017694990421375425
