# %ECSV 1.0
# ---
# datatype:
# - {name: wavelength, datatype: float64}
# - {name: bin_width, datatype: float64}
# - {name: rp^2_value, datatype: float64}
# - {name: rp^2_errorneg, datatype: float64}
# - {name: rp^2_errorpos, datatype: float64}
# schema: astropy-2.0
wavelength bin_width rp^2_value rp^2_errorneg rp^2_errorpos
3.832 0.0020000000000000018 0.002740707082276544 9.258994645393618e-05 9.299078439856112e-05
3.8360000000000003 0.0020000000000000018 0.002980260590648699 9.469541946826492e-05 9.338638555296411e-05
3.84 0.0020000000000000018 0.002932840762050988 0.00010209655525878847 0.00010296985302776047
3.8440000000000003 0.0020000000000000018 0.0028821697602843793 8.76590382450958e-05 9.006677375362473e-05
3.848 0.0020000000000000018 0.0028039220179358957 9.318644071240351e-05 9.382854730992547e-05
3.8520000000000003 0.0020000000000000018 0.0030342484752441524 9.365470804354945e-05 9.470597796429944e-05
3.856 0.0020000000000000018 0.002922912411233591 9.969893973608892e-05 0.00010326615548683551
3.8600000000000003 0.0020000000000000018 0.0030078027116432356 9.858010121973227e-05 9.71102305246216e-05
3.864 0.0020000000000000018 0.002905346803755255 9.709355480526025e-05 9.71387954879035e-05
3.8680000000000003 0.0020000000000000018 0.002869839543441487 9.757175544158848e-05 9.634789065533257e-05
3.872 0.0020000000000000018 0.0029917218453966014 0.00010247935105982828 0.00010490936639188844
3.8760000000000003 0.0020000000000000018 0.002957482597973559 0.00010133060430809549 0.00010334469681840333
3.88 0.0020000000000000018 0.002957046757585526 9.231680706036109e-05 9.579974327906388e-05
3.8840000000000003 0.0020000000000000018 0.0029176518728027006 9.250218002681936e-05 9.225876082754854e-05
3.888 0.0020000000000000018 0.0028392982374513434 0.00010486610753280678 0.0001043187543333518
3.8920000000000003 0.0020000000000000018 0.0030271147210364753 9.592964567496599e-05 9.585605877291108e-05
3.896 0.0020000000000000018 0.0028598476281646054 9.779224900466604e-05 0.00010139420653583042
3.9000000000000004 0.0020000000000000018 0.0030360992985448993 0.00010143601612919379 9.948585551150567e-05
3.904 0.0020000000000000018 0.0031165139669782358 9.85938055143333e-05 0.0001003929926815081
3.9080000000000004 0.0020000000000000018 0.0028756172710099814 9.534562160477345e-05 9.640126646971031e-05
3.912 0.0020000000000000018 0.0027906218255319025 9.893149885806902e-05 0.00010201306420939537
3.9160000000000004 0.0020000000000000018 0.002908497886362457 9.567603738384195e-05 9.358526308215955e-05
3.92 0.0020000000000000018 0.0028616727283683335 9.998678795350175e-05 0.00010153687423412709
3.9240000000000004 0.0020000000000000018 0.002940392012304106 9.898011687408314e-05 9.733609027141833e-05
3.928 0.0020000000000000018 0.0029190970493675906 0.00010102561894494849 0.00010247792680236501
3.9320000000000004 0.0020000000000000018 0.002892233417511985 0.00010416682132691202 0.00010335324641332294
3.936 0.0020000000000000018 0.0029437474311355557 9.363416280461613e-05 9.480144064321142e-05
3.9400000000000004 0.0020000000000000018 0.003043865166336892 0.00010015651696535302 0.00010307888716436101
3.944 0.0020000000000000018 0.0030860164647938315 9.631332389711767e-05 9.762522863405879e-05
3.9480000000000004 0.0020000000000000018 0.0031834439360230796 9.926496116493145e-05 0.00010145367050486045
3.952 0.0020000000000000018 0.002997604261976141 0.0001015704629020917 9.96858176833381e-05
3.9560000000000004 0.0020000000000000018 0.0028978659284439635 9.895666364916457e-05 9.725154614286446e-05
3.96 0.0020000000000000018 0.0030785096386859814 9.869349468899502e-05 0.00010206045871737155
3.9640000000000004 0.0020000000000000018 0.0028326875142491168 9.988153893572332e-05 0.00010381971313058085
3.968 0.0020000000000000018 0.0027724563839256083 0.00010213062412906546 0.00010540444066525377
3.9720000000000004 0.0020000000000000018 0.002933813876561851 0.0001007889573584283 9.873365390643436e-05
3.976 0.0020000000000000018 0.0030611424028793655 9.980410091226053e-05 0.00010145846830055634
3.9800000000000004 0.0020000000000000018 0.0030379745492982333 0.00011902438041026765 0.00012098629335174265
3.984 0.0020000000000000018 0.0030354829319198394 0.00010590771702790594 0.00010567661921209595
3.9880000000000004 0.0020000000000000018 0.0028604518285482426 0.00010708110771771428 0.00010725847003160288
3.992 0.0020000000000000018 0.0028689625830099117 0.00010138533310129335 0.00010111410054087231
3.9960000000000004 0.0020000000000000018 0.00307587230743847 0.0001041710436760321 0.0001062599679300994
4.0 0.0019999999999997797 0.0028656078367819116 0.00010311766099534853 0.00010232253309417922
4.004 0.002000000000000224 0.0026559528856110208 0.00010460032326030768 0.00010549748333713114
4.008 0.0019999999999997797 0.0028212112415638684 0.00010417059771150811 0.00010214055937597926
4.0120000000000005 0.002000000000000224 0.0027221896255690686 0.00010213781010769227 0.00010204693572368143
4.016 0.0019999999999997797 0.003086196079213635 0.00010556195116019455 0.00010448956040254786
4.02 0.002000000000000224 0.002981154845075393 0.00010213198107923965 0.00010099792460842565
4.024 0.0019999999999997797 0.0029811829863249538 0.00010595627071278502 0.00010625546733447665
4.0280000000000005 0.002000000000000224 0.002903781424853366 0.00010519173126591168 0.0001045835181624228
4.032 0.0019999999999997797 0.003024667761080538 0.00010471498425528069 0.00010612056081551764
4.036 0.002000000000000224 0.003093851073935679 0.00010730429940531252 0.00010471645151597384
4.04 0.0019999999999997797 0.0028125817274482997 0.00010779185906633921 0.0001107485860084587
4.0440000000000005 0.002000000000000224 0.0029937998388896753 0.00010970738488648739 0.00010891781199113366
4.048 0.0019999999999997797 0.0027804005163831642 0.00010255727738308794 0.00010378493066788867
4.052 0.002000000000000224 0.0030747644587375946 0.0001051896038759795 0.00010457984797665378
4.056 0.0019999999999997797 0.0028832641198263402 0.00010444683270431849 0.00010360938709441572
4.0600000000000005 0.002000000000000224 0.002813623612171075 0.00010938332740567918 0.00011274250835236659
4.064 0.0019999999999997797 0.003005137022216367 0.00010520392022144104 0.0001081072614911075
4.068 0.002000000000000224 0.0027051084708620333 0.00011689147379014778 0.0001144889705043616
4.072 0.0019999999999997797 0.0029735759465167023 0.00010874201228616969 0.00010666474693100253
4.0760000000000005 0.002000000000000224 0.002857655857696351 0.00010087285320389654 0.00010510371594348727
4.08 0.0019999999999997797 0.002912156291785921 0.00010533580806833644 0.00010437266896576661
4.084 0.002000000000000224 0.0028771802619526037 0.00011001911637770114 0.00011042099731133938
4.088 0.0019999999999997797 0.002769030146150883 0.00011039253279984673 0.00010963273686433704
4.0920000000000005 0.002000000000000224 0.003021083399034665 0.00010938153701727871 0.00011016541953705545
4.096 0.0019999999999997797 0.003003523146040979 0.00011038777699977744 0.00011110916803115699
4.1 0.002000000000000224 0.002976393906023381 0.00010893569558894549 0.00011312553872762756
4.104 0.0019999999999997797 0.0027358674744013814 0.00011454856286577039 0.00011350657047589805
4.1080000000000005 0.002000000000000224 0.002777461875072265 0.00010887093982754441 0.00010760841047686726
4.112 0.0019999999999997797 0.0029838264074226605 0.00011180173690204407 0.00011136065567386375
4.116 0.002000000000000224 0.003022493802825823 0.00010927114924236389 0.00010773324247377808
4.12 0.0019999999999997797 0.0028241981180026007 0.00011076988440982156 0.00011088544022191775
4.1240000000000006 0.002000000000000224 0.0027390495377095686 0.00011549751276748038 0.00011594313608240606
4.128 0.0019999999999997797 0.0029436027389158547 0.00011833818092245188 0.00011718447033191946
4.132 0.002000000000000224 0.0029209400977698793 0.00011001558098743024 0.00011059215944063654
4.136 0.0019999999999997797 0.0026916625169172734 0.00011664058732610604 0.00011625101090483514
4.140000000000001 0.002000000000000224 0.00286071828915985 0.00011563733681491453 0.00011497651758434705
4.144 0.0019999999999997797 0.0029965521693330723 0.0001104679059395334 0.00011328672665705981
4.148 0.002000000000000224 0.00292088664164969 0.00011338578032287416 0.00011397843409308855
4.152 0.0019999999999997797 0.0027446403551500196 0.00011552319654545718 0.00011767813065583724
4.156000000000001 0.002000000000000224 0.002829399394598604 0.00011336067049741352 0.00011584645148748993
4.16 0.0019999999999997797 0.0028352809702234124 0.00011527836758895137 0.00011593026507941652
4.164 0.002000000000000224 0.0029778085153980734 0.00011334986924055107 0.00011566945416913513
4.168 0.0019999999999997797 0.0030212562140990835 0.00012636327556200767 0.0001254867165837218
4.172000000000001 0.002000000000000224 0.002810143107543794 0.00011644213204701787 0.00011504862470670344
4.176 0.0019999999999997797 0.0027214920893727135 0.00011328788011630503 0.00010843842638870015
4.18 0.002000000000000224 0.002863369242175092 0.0001133257304423256 0.0001125022851707169
4.184 0.0019999999999997797 0.0029723125602248847 0.00011225514225349969 0.00011480861377529631
4.188000000000001 0.002000000000000224 0.0029080618940358536 0.00011694386286140428 0.00011628718737270076
4.192 0.0019999999999997797 0.002801870688641085 0.00012260751611304537 0.00012315424252216673
4.196 0.002000000000000224 0.002846232367549948 0.0001159956429214906 0.00011759753003712584
4.2 0.0019999999999997797 0.003133931056216006 0.00011474856818660109 0.00011686225933751557
4.204000000000001 0.002000000000000224 0.0028770221236220812 0.0001207132948877125 0.00012110644390724446
4.208 0.0019999999999997797 0.0030136175303417455 0.00011781152444356041 0.00012141020931693896
4.212 0.002000000000000224 0.0029835702119838463 0.00011741362119029822 0.00011867855978687017
4.216 0.0019999999999997797 0.0026975794393838937 0.0001150685146346247 0.00011710822874551113
4.220000000000001 0.002000000000000224 0.003128771612359271 0.00011808166702034859 0.00011878486387406845
4.224 0.0019999999999997797 0.002791451310210059 0.0001231226363630532 0.00012097842144306176
4.228 0.002000000000000224 0.002750615805883057 0.00011717860451320892 0.00011746520650046709
4.232 0.0019999999999997797 0.0029565747878095116 0.00012686372617848373 0.0001306178905957525
4.236000000000001 0.002000000000000224 0.0028966916071221567 0.00011666492136452227 0.00012024267591662346
4.24 0.0019999999999997797 0.0027158911150772878 0.00012018001650629471 0.00012115260477793977
4.244 0.002000000000000224 0.0028537645626165366 0.00012054840274032573 0.00012620337977179395
4.248 0.0019999999999997797 0.00291170906122118 0.00011535373068166568 0.00011631605001036606
4.252 0.0019999999999997797 0.0031092009050200245 0.00011858997666887609 0.0001182966243109076
4.256 0.002000000000000224 0.0028113405220593127 0.00012185866297972827 0.00012158846926127106
4.26 0.0019999999999997797 0.002963295479022464 0.00011907847536686122 0.00011859764087010808
4.263999999999999 0.002000000000000224 0.003006249198644922 0.00012327836331550148 0.00012737527226043674
4.268 0.0019999999999997797 0.003064043198944175 0.00011809683623301625 0.00011901283646312917
4.272 0.002000000000000224 0.0029187817049276693 0.00012236630402779562 0.00012591432241975667
4.276 0.0019999999999997797 0.002924888067371196 0.00011726173812281766 0.0001176250954560143
4.279999999999999 0.002000000000000224 0.0028799107711152453 0.00011897104211235467 0.00012008287201389608
4.284 0.0019999999999997797 0.002942094115992604 0.00011306257133729273 0.0001147912200087889
4.288 0.002000000000000224 0.0027839508710764686 0.00011971249078157912 0.00012200907195301317
4.292 0.0019999999999997797 0.0026968854509060182 0.0001220840663533787 0.0001225509901967162
4.295999999999999 0.002000000000000224 0.002796935834553116 0.00017188828470872256 0.00017453184593571418
4.3 0.0019999999999997797 0.0029580161573215693 0.0001282122902845238 0.0001325240072509652
4.304 0.002000000000000224 0.0031105643517407525 0.00012810110489883423 0.00012976936152852376
4.308 0.0019999999999997797 0.0030201251514742292 0.0001278188831784167 0.00012715766170305186
4.311999999999999 0.002000000000000224 0.003208972673544209 0.00012444214433790903 0.00012841788991338043
4.316 0.0019999999999997797 0.00285125006458019 0.00012184302657493925 0.00012017270975300592
4.32 0.002000000000000224 0.0028675882508540974 0.00012240043610817382 0.00012160665750831539
4.324 0.0019999999999997797 0.0029830911755782657 0.00013074907058634828 0.0001286195291377969
4.327999999999999 0.002000000000000224 0.0028396688862416886 0.00012758753531132974 0.00012719551446614599
4.332 0.0019999999999997797 0.0028551215471091067 0.00012408395667612687 0.00012774919462167937
4.336 0.002000000000000224 0.0030110495162704166 0.00012722891005716554 0.00012446546660347703
4.34 0.0019999999999997797 0.0031215773000357206 0.00012743582687039417 0.0001311658162786531
4.343999999999999 0.002000000000000224 0.002803770197664395 0.0001326774468491318 0.00013365277763413
4.348 0.0019999999999997797 0.0030319283215901245 0.00012899054964106817 0.00012961624258974683
4.352 0.002000000000000224 0.003005794535223712 0.0001383363721727442 0.00013527896929115034
4.356 0.0019999999999997797 0.0029634481674359297 0.0001425123227655166 0.00014225054862446835
4.359999999999999 0.002000000000000224 0.002847009854249344 0.00013703385086089514 0.0001389275469343091
4.364 0.0019999999999997797 0.0029191367257731956 0.00013288308788774773 0.00013489156730803068
4.368 0.002000000000000224 0.0026479716566373424 0.00013485567854497338 0.00013292284093225281
4.372 0.0019999999999997797 0.003254325770235879 0.00013458108019871956 0.00013389518500206898
4.3759999999999994 0.002000000000000224 0.002726358393236663 0.00013803228258314456 0.0001377407658567707
4.38 0.0019999999999997797 0.002933724710324473 0.00013117649276267592 0.00013208201452934122
4.384 0.002000000000000224 0.0028375897144471925 0.00013410412096608168 0.00013393854465209003
4.388 0.0019999999999997797 0.002843718380580569 0.00013452564846522588 0.0001399220898385652
4.3919999999999995 0.002000000000000224 0.002879518246540904 0.000138483865521235 0.0001377969333188618
4.396 0.0019999999999997797 0.003172176146534046 0.00013539911936680856 0.00014207073692832544
4.4 0.002000000000000224 0.0029909172712292795 0.0001416580502173934 0.00014143711635318914
4.404 0.0019999999999997797 0.0027901255002959987 0.00015073729775615758 0.00014432730166246072
4.4079999999999995 0.002000000000000224 0.0028441918718584646 0.00014467503422080537 0.00014383960193888046
4.412 0.0019999999999997797 0.002718657040835212 0.0001303633270151568 0.00013225438468543807
4.416 0.002000000000000224 0.0029252272637562285 0.00013544307566387042 0.00013598608339253143
4.42 0.0019999999999997797 0.0027137570787081626 0.0001432680143285043 0.00014662836728975654
4.4239999999999995 0.002000000000000224 0.0030889252374116448 0.00013209410953140708 0.00013391756232369314
4.428 0.0019999999999997797 0.0027843341255856693 0.00013818824746148232 0.00014183742049084192
4.432 0.002000000000000224 0.002865386678096266 0.0001432624779712532 0.0001479175302401812
4.436 0.0019999999999997797 0.002436801073094906 0.00013231855687862717 0.00013119200178621964
4.4399999999999995 0.002000000000000224 0.0027754949767192557 0.00014360251955094876 0.0001426385874424294
4.444 0.0019999999999997797 0.002922286318006803 0.0001398535366990989 0.0001406892008246688
4.448 0.002000000000000224 0.002842678029042483 0.00014054055236188646 0.0001401852253496939
4.452 0.0019999999999997797 0.002615149723098684 0.0001422225905381982 0.0001468051692965367
4.4559999999999995 0.002000000000000224 0.003027975342266856 0.00014928815201426448 0.00014685860508726473
4.46 0.0019999999999997797 0.0031662587689246366 0.0001364767942254757 0.0001427822693594676
4.464 0.002000000000000224 0.0027833964893694933 0.00014741935205856002 0.00014926553477830453
4.468 0.0019999999999997797 0.0029107140422666706 0.0001393352313737487 0.00014262718376510273
4.4719999999999995 0.002000000000000224 0.00302059289778062 0.00014995443794506768 0.00015328675401494237
4.476 0.0019999999999997797 0.002786249803016228 0.00015336223156173787 0.0001548246230573644
4.48 0.002000000000000224 0.0028560454494121223 0.00015373492181362846 0.0001592843681510938
4.484 0.0019999999999997797 0.002942154203012272 0.00014930666441370817 0.00015053570198929377
4.4879999999999995 0.002000000000000224 0.0029315515115537934 0.00014908192618251883 0.00014738322124545084
4.492 0.0019999999999997797 0.0030287678223574104 0.00015302091834343192 0.0001483073924297357
4.496 0.002000000000000224 0.002897346876127934 0.00016233921415196011 0.0001636126121304306
4.5 0.0019999999999997797 0.0027358604251415904 0.00014448330438155245 0.00014503425846074895
4.504 0.002000000000000224 0.0030177893779154575 0.00014514560423802567 0.00014642696200048476
4.508 0.0019999999999997797 0.0027375389695372667 0.00015171602690783846 0.00014975343871237792
4.5120000000000005 0.002000000000000224 0.0030751486466103276 0.00015324834231209093 0.0001494248555627322
4.516 0.0019999999999997797 0.0030517531795889044 0.00015050694511923712 0.0001485019870336975
4.52 0.002000000000000224 0.0028890081054122 0.00015175176347107834 0.0001502297852491426
4.524 0.0019999999999997797 0.0027250124770002446 0.00014826360981058965 0.00015414665586422314
4.5280000000000005 0.002000000000000224 0.0027762862667364695 0.00015410973518314606 0.00015611772390015325
4.532 0.0019999999999997797 0.003075736065528755 0.00015783363771941722 0.00015527241032372782
4.536 0.002000000000000224 0.0028979808346378095 0.00015024941712409945 0.00015470497253921092
4.54 0.0019999999999997797 0.003075445574757514 0.00015600309937237756 0.00015343412754851129
4.5440000000000005 0.002000000000000224 0.0026923368843425875 0.00015310437464182954 0.0001476980716256255
4.548 0.0019999999999997797 0.002988546372383077 0.00015326953111056496 0.00015820172798208885
4.552 0.002000000000000224 0.002876135440482171 0.00015906087559436908 0.00015608494853449608
4.556 0.0019999999999997797 0.003090910723045396 0.0001541528375959252 0.0001564055563432025
4.5600000000000005 0.002000000000000224 0.0031961248589076484 0.00016978831057656634 0.00016979604220343503
4.564 0.0019999999999997797 0.0030654687129106875 0.0001688255440192455 0.00017190521973921508
4.568 0.002000000000000224 0.002828309862316719 0.000151217307923863 0.00015093137580617913
4.572 0.0019999999999997797 0.0026899827380913173 0.0001552379676643071 0.00015569847838826012
4.5760000000000005 0.002000000000000224 0.0029023032225562444 0.00015525312876663814 0.00015393992351226066
4.58 0.0019999999999997797 0.0029011609713702983 0.00016324263706807805 0.00016260030658744656
4.584 0.002000000000000224 0.002984400273150713 0.000145545525797926 0.00014360799845142443
4.588 0.0019999999999997797 0.002933034443542828 0.00016134113691484119 0.00015700767312051356
4.5920000000000005 0.002000000000000224 0.002945047344591842 0.0001598927846290562 0.00015911182345797843
4.596 0.0019999999999997797 0.002839403606133293 0.00015991645336108909 0.00016007962053358115
4.6 0.002000000000000224 0.0027277996704624793 0.00015561179926847817 0.00015563737265698657
4.604 0.0019999999999997797 0.0029120481840351877 0.0001561751472857532 0.0001543455295310676
4.6080000000000005 0.002000000000000224 0.0027671045955305683 0.00016812377855624427 0.0001688505348209873
4.612 0.0019999999999997797 0.003157163051827762 0.0001525928387346824 0.00015936049417951664
4.616 0.002000000000000224 0.003031610023297342 0.0001620529599670583 0.00016671048184346707
4.62 0.0019999999999997797 0.003083884281970734 0.00015072054392964137 0.00015468776873187907
4.6240000000000006 0.002000000000000224 0.0029425926723196053 0.00015511739548895167 0.00015591083885143535
4.628 0.0019999999999997797 0.003008788648300314 0.00015908081894446414 0.00015737130918050792
4.632 0.002000000000000224 0.0030799647820631336 0.0001621234611922655 0.00016081128425922625
4.636 0.0019999999999997797 0.0030645503177097106 0.00016085944638649478 0.00016001327377881524
4.640000000000001 0.002000000000000224 0.00304974252920957 0.00016953632628183496 0.00016310523842590898
4.644 0.0019999999999997797 0.0029076652105053326 0.00016489627317504627 0.00016080859151462734
4.648 0.002000000000000224 0.0026219511943924344 0.00016053903808297765 0.00016296238602756755
4.652 0.0019999999999997797 0.0029213524414800685 0.00016170697871647393 0.00016112184226216818
4.656000000000001 0.002000000000000224 0.0028459280922862374 0.00016314168880970144 0.00016289943474995976
4.66 0.0019999999999997797 0.003020358570023182 0.00016958416373573414 0.00016695880377086848
4.664 0.002000000000000224 0.0028077867695825583 0.0001618904690348492 0.00015939801358648246
4.668 0.0019999999999997797 0.0027451520401590417 0.0001698353189661505 0.00017092552797331843
4.672000000000001 0.002000000000000224 0.002834625435710449 0.00015490219219150376 0.00015304429961027948
4.676 0.0019999999999997797 0.0029543141543797724 0.00014774458487586822 0.0001471391098626794
4.68 0.002000000000000224 0.0028876659504093304 0.0001637848333706114 0.00016165500960005613
4.684 0.0019999999999997797 0.003074639401056916 0.00016337735139111817 0.00016115712214403131
4.688000000000001 0.002000000000000224 0.0027034292976291056 0.00016640216279418087 0.00016118096209422625
4.692 0.0019999999999997797 0.00329758416974728 0.00017164158807576923 0.00017146074469203982
4.696 0.002000000000000224 0.002940662060862116 0.00016500151436355057 0.00016344979158861928
4.7 0.0019999999999997797 0.002602586034687051 0.00016790039919484506 0.00017127202443604876
4.704000000000001 0.002000000000000224 0.002615466061454675 0.00016103652138025563 0.0001622599686740495
4.708 0.0019999999999997797 0.002796661745524887 0.00016577784696574947 0.00016734398506197462
4.712 0.002000000000000224 0.0027467923817672997 0.00016931914049424885 0.00017242270928601554
4.716 0.0019999999999997797 0.002698100126120432 0.00016139040350894324 0.00016240558921805847
4.720000000000001 0.002000000000000224 0.0028295041769289923 0.00017102166044649994 0.00017038760196264437
4.724 0.0019999999999997797 0.003084291013445067 0.00016158814515134694 0.00016063871088282207
4.728 0.002000000000000224 0.0027701610545157866 0.00017118407125325807 0.00016526028879568395
4.732 0.0019999999999997797 0.0026159052910407136 0.00017010124217511175 0.00017076854661054585
4.736000000000001 0.002000000000000224 0.0026151925555600542 0.00016890771645073277 0.00016721377829877811
4.74 0.0019999999999997797 0.0026015645783182125 0.00016653386286888047 0.00016629772645634184
4.744 0.002000000000000224 0.0025453983003908003 0.00016258561918168794 0.0001632251937963903
4.748 0.0019999999999997797 0.0027492195053355744 0.00017165746772412156 0.0001699773520529974
4.752 0.0019999999999997797 0.0026199693113600417 0.00017697132289354886 0.00017160983358204202
4.756 0.002000000000000224 0.0028765398472817864 0.00016306745451496107 0.00015989955699993296
4.76 0.0019999999999997797 0.0030097548670561997 0.00016949289551323847 0.00016803327597972664
4.763999999999999 0.002000000000000224 0.002799482568273654 0.00017737965588518912 0.00017919115808584908
4.768 0.0019999999999997797 0.002758802827325038 0.0001733592740008282 0.00017130311583026534
4.772 0.002000000000000224 0.002771262508475472 0.0001698087184472648 0.00017286719997108542
4.776 0.0019999999999997797 0.002824518727976238 0.00017701548373854096 0.00017710466568032464
4.779999999999999 0.002000000000000224 0.0031151930000679734 0.00018101885523274337 0.00018317758601013936
4.784 0.0019999999999997797 0.0030359994818196655 0.0001828107242613751 0.0001760141868490093
4.788 0.002000000000000224 0.0028972299877091543 0.00017181119657543216 0.00017744981916787642
4.792 0.0019999999999997797 0.0028430567183816255 0.00017273916201237432 0.00017760733308559186
4.795999999999999 0.002000000000000224 0.002710983851628003 0.00017790556833624125 0.0001780701240948453
4.8 0.0019999999999997797 0.003087550779415242 0.00017385831384617283 0.00017669948496536365
4.804 0.002000000000000224 0.0028202352997617947 0.00017855618605042319 0.00017649968075461554
4.808 0.0019999999999997797 0.002789148751835609 0.0001701148197313907 0.00017023558541342599
4.811999999999999 0.002000000000000224 0.002505243440399859 0.00018007223402489872 0.00018189053450936177
4.816 0.0019999999999997797 0.003195276632263439 0.00017957406250051263 0.00018041512006843497
4.82 0.002000000000000224 0.0028065530943072138 0.000164699409463689 0.00016543368425021984
4.824 0.0019999999999997797 0.002854423972434613 0.00017796391326115176 0.00017826124445253708
4.827999999999999 0.002000000000000224 0.0030877462906337863 0.0001811621759323181 0.0001802054351401467
4.832 0.0019999999999997797 0.0024928642646995076 0.00017786197214849416 0.000181827030746407
4.836 0.002000000000000224 0.0027184813996171276 0.0001734381259728742 0.00017777439194875287
4.84 0.0019999999999997797 0.002793401768221011 0.00017854737532339675 0.00017811584241444762
4.843999999999999 0.002000000000000224 0.00256242915645907 0.00018392900125789634 0.00017920535970761178
4.848 0.0019999999999997797 0.0031177660186718597 0.00018124381114134093 0.00017815693177182165
4.852 0.002000000000000224 0.0027183826496982137 0.00018067625401257817 0.00018408461854663247
4.856 0.0019999999999997797 0.003103992285474742 0.0001924264755602885 0.0001862790757658373
4.859999999999999 0.002000000000000224 0.0030942559848849416 0.0001652529127378088 0.00016662716184700707
4.864 0.0019999999999997797 0.0030157209279095504 0.00018588753279804486 0.0001892332918124683
4.868 0.002000000000000224 0.002844092240593482 0.00018615144126395491 0.00018559719095605307
4.872 0.0019999999999997797 0.00315403772747221 0.00018303713948937756 0.00018392920426381224
4.8759999999999994 0.002000000000000224 0.003069868512364748 0.00017790299304093395 0.0001782692126824268
4.88 0.0019999999999997797 0.0025077284236640443 0.0001735209423496093 0.00017072897341801393
4.884 0.002000000000000224 0.0028607831580750843 0.0001827673103036967 0.00018517271901017296
4.888 0.0019999999999997797 0.0028792361255528818 0.00018281413057212202 0.0001820265482147653
4.8919999999999995 0.002000000000000224 0.003000332816909248 0.00019494413677475023 0.00019650583516266388
4.896 0.0019999999999997797 0.0026499660703612916 0.00019448339732143017 0.00019558742333485079
4.9 0.002000000000000224 0.0031148620874316907 0.00017991722743369723 0.0001829254027849365
4.904 0.0019999999999997797 0.0028332544530823597 0.00018898595926072513 0.00018519319951410982
4.9079999999999995 0.002000000000000224 0.002575430180282607 0.00019348260876794147 0.00019119723701011308
4.912 0.0019999999999997797 0.002983544446635815 0.0001834511168413936 0.00018590465138207087
4.916 0.002000000000000224 0.0024951890144164117 0.00018205339688539494 0.00018355193271588468
4.92 0.0019999999999997797 0.0029937762550248065 0.00018410178943683566 0.00018983192107892115
4.9239999999999995 0.002000000000000224 0.002794986277307044 0.00018521028063392007 0.00018027990955112342
4.928 0.0019999999999997797 0.0029976168247170406 0.0001778341558795883 0.0001817043089873344
4.932 0.002000000000000224 0.002760486485201638 0.0001816523381817977 0.0001837243807733123
4.936 0.0019999999999997797 0.002694884974377115 0.0001885278920943697 0.00019026231627924549
4.9399999999999995 0.002000000000000224 0.002725073044005759 0.0001853607148488731 0.0001864305211100232
4.944 0.0019999999999997797 0.0028530340033518435 0.00018446818045789095 0.00018573129399369892
4.948 0.002000000000000224 0.002941128469814318 0.0002085991093115228 0.00021779750531004081
4.952 0.0019999999999997797 0.003220612963462574 0.0001856716780297171 0.0001850425299468484
4.9559999999999995 0.002000000000000224 0.003305933889771666 0.0001983701721193264 0.00020405590041006408
4.96 0.0019999999999997797 0.0025891232645694332 0.0001920686692960566 0.00019173641780637898
4.964 0.002000000000000224 0.003160963608992472 0.0001915390073065769 0.00019234305954333097
4.968 0.0019999999999997797 0.0030350442419912194 0.00020016274903860484 0.00020202222368100216
4.9719999999999995 0.002000000000000224 0.002955624340856665 0.0001718635764311094 0.00017882533772381167
4.976 0.0019999999999997797 0.003028865593343759 0.00018826003483876988 0.00019224290153245375
4.98 0.002000000000000224 0.0028410103053293054 0.00019647705152041903 0.00019775807502386182
4.984 0.0019999999999997797 0.0024516716336853263 0.000194621739450175 0.0001989988399773283
4.9879999999999995 0.002000000000000224 0.0030745276689970974 0.00019605386036980086 0.000197329752764085
4.992 0.0019999999999997797 0.002976807848491263 0.000199914618453255 0.00020284908165170987
4.996 0.002000000000000224 0.0031197203306896726 0.00018796822523132204 0.00019130206518000806
5.0 0.0019999999999997797 0.002893865492735487 0.0001983742986530557 0.0001975096548440412
5.004 0.002000000000000224 0.002517537192196548 0.00019766796419561777 0.00019497122058776892
5.008 0.0019999999999997797 0.0032654334606159667 0.00019829034265532496 0.0001952540693082672
5.0120000000000005 0.002000000000000224 0.002990012164642076 0.00020078223215748425 0.00020360211560312277
5.016 0.0019999999999997797 0.0027814858438599092 0.00018417311455762092 0.00018250127308171767
5.02 0.002000000000000224 0.002920811224245834 0.0002011499603229278 0.0002011290507985754
5.024 0.0019999999999997797 0.0026138693729328985 0.00020374988889092097 0.0002012649100930717
5.0280000000000005 0.002000000000000224 0.0029476876793555797 0.00020289203127647412 0.0002029464282521363
5.032 0.0019999999999997797 0.00265733216141892 0.0002080823330288476 0.00021236651635518416
5.036 0.002000000000000224 0.0026561352360405274 0.00020053813263680095 0.0002003430148493214
5.04 0.0019999999999997797 0.0030724517348002314 0.0002024961297338655 0.00020173573619222847
5.0440000000000005 0.002000000000000224 0.0032073265389272955 0.0001999189236099783 0.0002018161478862762
5.048 0.0019999999999997797 0.0026762731093925695 0.00020472187686574944 0.00021100341611019055
5.052 0.002000000000000224 0.0027028715044008734 0.00019842706218394998 0.00019295805714542816
5.056 0.0019999999999997797 0.0028421849086379524 0.00018835298689387882 0.0001873709411373426
5.0600000000000005 0.002000000000000224 0.0029292378744786205 0.00020961660103161958 0.00020955524989329155
5.064 0.0019999999999997797 0.00294130196211914 0.0001983735470675943 0.0001957647273123555
5.068 0.002000000000000224 0.002553990029936031 0.0001935718992210258 0.00019317561664062167
5.072 0.0019999999999997797 0.0029499597044684907 0.00019881287248395274 0.00019939658120505816
5.0760000000000005 0.002000000000000224 0.002870905870527403 0.0002011943598744688 0.00020550857007950408
5.08 0.0019999999999997797 0.0026259310842662227 0.000209912851926329 0.00020503922568164022
5.084 0.002000000000000224 0.0026919439532479706 0.00020118720590645836 0.00019995146874343152
5.088 0.0019999999999997797 0.0028928545069089513 0.0001953394190358699 0.00020179027897091742
5.0920000000000005 0.002000000000000224 0.0029638115986026312 0.00018919129882497346 0.000190140933658209
5.096 0.0019999999999997797 0.0029953698015033146 0.00020187400109277246 0.00020536480861527455
5.1 0.002000000000000224 0.002857464997207695 0.00020179117566658392 0.00019807627713453856
5.104 0.0019999999999997797 0.002935201726630703 0.00020312466184654486 0.000206342739034855
5.1080000000000005 0.002000000000000224 0.003050377943699213 0.00020254628593059957 0.00020357104038096945
5.112 0.0019999999999997797 0.0028436910666402916 0.00020252094478565583 0.00020318585517768847
5.116 0.002000000000000224 0.002848113698087014 0.00019153673348802506 0.00019587697275532962
5.12 0.0019999999999997797 0.0029769377258280073 0.00022064268039214286 0.0002143491976098746
5.1240000000000006 0.002000000000000224 0.0025927445902509693 0.00020116821637697997 0.00020340335852176393
5.128 0.0019999999999997797 0.0028796583230290018 0.00018941593927368277 0.0001889903096626371
5.132 0.002000000000000224 0.0026794570422004685 0.0002721222074375425 0.0002724479645328619
5.136 0.0019999999999997797 0.0029025562100151447 0.00020604390063320857 0.000208930326535428
5.140000000000001 0.002000000000000224 0.00266120085679907 0.0002083405811923564 0.0001991618767690959
5.144 0.0019999999999997797 0.002664815502185835 0.00020620390340510405 0.00021126111842226626
5.148 0.002000000000000224 0.002519186792772712 0.0002057924141034874 0.0002038818086014414
5.152 0.0019999999999997797 0.0025915742618920295 0.0002080390466842716 0.0002051074742605635
5.156000000000001 0.002000000000000224 0.002615811426287552 0.00026269280783781804 0.00026436258313418826
5.16 0.0019999999999997797 0.003263620894324827 0.0002444669064972254 0.0002379685429973995
5.164 0.002000000000000224 0.0030389689569685426 0.0001974699545746867 0.00020195939552629123
5.168 0.0019999999999997797 0.0028946901766715187 0.0002582410556013601 0.0002609189257291411
