3.830000000000000071e+00 3.833999999999999631e+00 3.831999999999999851e+00 2.831722577252754336e-03 5.877758930618374290e-05
3.834000000000000519e+00 3.838000000000000078e+00 3.836000000000000298e+00 2.876890651648592728e-03 5.930526091880942155e-05
3.838000000000000078e+00 3.841999999999999638e+00 3.839999999999999858e+00 2.923869313559983914e-03 6.023259170978820422e-05
3.842000000000000526e+00 3.846000000000000085e+00 3.844000000000000306e+00 2.881076891135560085e-03 5.691453937666217394e-05
3.846000000000000085e+00 3.849999999999999645e+00 3.847999999999999865e+00 2.814221239692342360e-03 5.867934361029666771e-05
3.850000000000000533e+00 3.854000000000000092e+00 3.852000000000000313e+00 3.012103006202624268e-03 5.957439809339097072e-05
3.854000000000000092e+00 3.857999999999999652e+00 3.855999999999999872e+00 2.876740225871698541e-03 6.084916179335539204e-05
3.858000000000000540e+00 3.862000000000000099e+00 3.860000000000000320e+00 2.942211055901115032e-03 5.892118362341648068e-05
3.862000000000000099e+00 3.865999999999999659e+00 3.863999999999999879e+00 2.861967872252403535e-03 6.244239237478517923e-05
3.866000000000000547e+00 3.870000000000000107e+00 3.868000000000000327e+00 2.883531716257007205e-03 6.124168198189400422e-05
3.870000000000000107e+00 3.873999999999999666e+00 3.871999999999999886e+00 3.043264084260979222e-03 6.155874942698057889e-05
3.874000000000000554e+00 3.878000000000000114e+00 3.876000000000000334e+00 2.992968106625339131e-03 6.415739963764245277e-05
3.878000000000000114e+00 3.881999999999999673e+00 3.879999999999999893e+00 2.931324375595049329e-03 6.007481478178309348e-05
3.882000000000000561e+00 3.886000000000000121e+00 3.884000000000000341e+00 2.902834550010845865e-03 5.966720217426001611e-05
3.886000000000000121e+00 3.889999999999999680e+00 3.887999999999999901e+00 2.911384845529696539e-03 6.298173365770957477e-05
3.890000000000000568e+00 3.894000000000000128e+00 3.892000000000000348e+00 3.032844244879894825e-03 6.087458548814973655e-05
3.894000000000000128e+00 3.897999999999999687e+00 3.895999999999999908e+00 2.851888514161912171e-03 6.246645583115208839e-05
3.898000000000000576e+00 3.902000000000000135e+00 3.900000000000000355e+00 2.986528322542212569e-03 6.117032642462846923e-05
3.902000000000000135e+00 3.905999999999999694e+00 3.903999999999999915e+00 2.947138289749189673e-03 6.304345741476665322e-05
3.906000000000000583e+00 3.910000000000000142e+00 3.908000000000000362e+00 2.918163570431391886e-03 6.026477097103313346e-05
3.910000000000000142e+00 3.913999999999999702e+00 3.911999999999999922e+00 2.820793887756588552e-03 6.224687845997766593e-05
3.914000000000000590e+00 3.918000000000000149e+00 3.916000000000000369e+00 2.843487030606993513e-03 5.965413383270017290e-05
3.918000000000000149e+00 3.921999999999999709e+00 3.919999999999999929e+00 2.882060327378772185e-03 6.224981739560030874e-05
3.922000000000000597e+00 3.926000000000000156e+00 3.924000000000000377e+00 2.967668110338887028e-03 6.099041294658444243e-05
3.926000000000000156e+00 3.929999999999999716e+00 3.927999999999999936e+00 2.895964955321848108e-03 6.308494204157145339e-05
3.930000000000000604e+00 3.934000000000000163e+00 3.932000000000000384e+00 2.986905786500193300e-03 6.405684262957089348e-05
3.934000000000000163e+00 3.937999999999999723e+00 3.935999999999999943e+00 2.894310829139427887e-03 6.099451224790888442e-05
3.938000000000000611e+00 3.942000000000000171e+00 3.940000000000000391e+00 2.952917590544452964e-03 6.223729422025165792e-05
3.942000000000000171e+00 3.945999999999999730e+00 3.943999999999999950e+00 2.960124141597737183e-03 6.137934389218883740e-05
3.946000000000000618e+00 3.950000000000000178e+00 3.948000000000000398e+00 2.975296926265633742e-03 6.197975994968648315e-05
3.950000000000000178e+00 3.953999999999999737e+00 3.951999999999999957e+00 2.956079710676630303e-03 6.244504784256580852e-05
3.954000000000000625e+00 3.958000000000000185e+00 3.956000000000000405e+00 2.864180644571502968e-03 6.223840803541320628e-05
3.958000000000000185e+00 3.961999999999999744e+00 3.959999999999999964e+00 2.925252452817036618e-03 6.297236575146864163e-05
3.962000000000000632e+00 3.966000000000000192e+00 3.964000000000000412e+00 2.779810754768701278e-03 6.311492030223402972e-05
3.966000000000000192e+00 3.969999999999999751e+00 3.967999999999999972e+00 2.764269735988302609e-03 6.329140609954269356e-05
3.970000000000000639e+00 3.974000000000000199e+00 3.972000000000000419e+00 2.881680772208585449e-03 6.221910857790885236e-05
3.974000000000000199e+00 3.977999999999999758e+00 3.975999999999999979e+00 2.904210986366763825e-03 6.403470375388352809e-05
3.978000000000000647e+00 3.982000000000000206e+00 3.980000000000000426e+00 3.065449790859893671e-03 6.838554562530556043e-05
3.982000000000000206e+00 3.985999999999999766e+00 3.983999999999999986e+00 2.976029125435076216e-03 6.506214339589080507e-05
3.986000000000000654e+00 3.990000000000000213e+00 3.988000000000000433e+00 2.805322564946372520e-03 6.401976400001988974e-05
3.990000000000000213e+00 3.993999999999999773e+00 3.991999999999999993e+00 2.864662759523173979e-03 6.658732005445050332e-05
3.994000000000000661e+00 3.998000000000000220e+00 3.996000000000000441e+00 3.040938905244805739e-03 6.601492914583819902e-05
3.998000000000000220e+00 4.001999999999999780e+00 4.000000000000000000e+00 2.893176182203483979e-03 6.435784864947014948e-05
4.001999999999999780e+00 4.005999999999999339e+00 4.003999999999999559e+00 2.680344232934852699e-03 6.392627707448301068e-05
4.006000000000000227e+00 4.009999999999999787e+00 4.008000000000000007e+00 2.851130348008075379e-03 6.471331943956066125e-05
4.010000000000000675e+00 4.014000000000000234e+00 4.012000000000000455e+00 2.835305271288226896e-03 6.516711746248611634e-05
4.014000000000000234e+00 4.017999999999999794e+00 4.016000000000000014e+00 2.964272724462533801e-03 6.536355076382368515e-05
4.017999999999999794e+00 4.021999999999999353e+00 4.019999999999999574e+00 2.912444904161895238e-03 6.411237497911266006e-05
4.022000000000000242e+00 4.025999999999999801e+00 4.024000000000000021e+00 2.945899115698658206e-03 6.584427485046626788e-05
4.026000000000000689e+00 4.030000000000000249e+00 4.028000000000000469e+00 2.846918500011797089e-03 6.442163352272605825e-05
4.030000000000000249e+00 4.033999999999999808e+00 4.032000000000000028e+00 2.963251654923694783e-03 6.438293495399804610e-05
4.033999999999999808e+00 4.037999999999999368e+00 4.035999999999999588e+00 3.013704750949306940e-03 6.592338320873664657e-05
4.038000000000000256e+00 4.041999999999999815e+00 4.040000000000000036e+00 2.945392511931264976e-03 6.707146957777943366e-05
4.042000000000000703e+00 4.046000000000000263e+00 4.044000000000000483e+00 2.821711866835065717e-03 6.867530283229509073e-05
4.046000000000000263e+00 4.049999999999999822e+00 4.048000000000000043e+00 2.844935776135600058e-03 6.503327183651472275e-05
4.049999999999999822e+00 4.053999999999999382e+00 4.051999999999999602e+00 2.988608661699632824e-03 6.530166900673067332e-05
4.054000000000000270e+00 4.057999999999999829e+00 4.056000000000000050e+00 2.885923167010563672e-03 6.604840182769556331e-05
4.058000000000000718e+00 4.062000000000000277e+00 4.060000000000000497e+00 2.823692978359684976e-03 6.844556072468957985e-05
4.062000000000000277e+00 4.065999999999999837e+00 4.064000000000000057e+00 2.967785542262253023e-03 6.644528752674326425e-05
4.065999999999999837e+00 4.069999999999999396e+00 4.067999999999999616e+00 2.838600530351736203e-03 7.198644617379219228e-05
4.070000000000000284e+00 4.073999999999999844e+00 4.072000000000000064e+00 2.954797625089156977e-03 6.781583527012623148e-05
4.074000000000000732e+00 4.078000000000000291e+00 4.076000000000000512e+00 2.950635437979618348e-03 6.780914495516793261e-05
4.078000000000000291e+00 4.081999999999999851e+00 4.080000000000000071e+00 2.935564730000435416e-03 6.778208802155722898e-05
4.081999999999999851e+00 4.085999999999999410e+00 4.083999999999999631e+00 2.905894330119180701e-03 6.917549489011795463e-05
4.086000000000000298e+00 4.089999999999999858e+00 4.088000000000000078e+00 2.858473019633902407e-03 6.916764716762670913e-05
4.090000000000000746e+00 4.094000000000000306e+00 4.092000000000000526e+00 2.917727657567720494e-03 6.795934982094528696e-05
4.094000000000000306e+00 4.097999999999999865e+00 4.096000000000000085e+00 2.952740381696808847e-03 6.922443530179520641e-05
4.097999999999999865e+00 4.101999999999999424e+00 4.099999999999999645e+00 2.873475119001917596e-03 6.919987944251372570e-05
4.102000000000000313e+00 4.105999999999999872e+00 4.104000000000000092e+00 2.842661085460060268e-03 6.902554566793506912e-05
4.106000000000000760e+00 4.110000000000000320e+00 4.108000000000000540e+00 2.827043597603595085e-03 6.758481370269569990e-05
4.110000000000000320e+00 4.113999999999999879e+00 4.112000000000000099e+00 2.854441460927279513e-03 6.915092800486747704e-05
4.113999999999999879e+00 4.117999999999999439e+00 4.115999999999999659e+00 2.915387586473674932e-03 6.846620030619963743e-05
4.118000000000000327e+00 4.121999999999999886e+00 4.120000000000000107e+00 2.844687289071771551e-03 7.095059024819500969e-05
4.122000000000000774e+00 4.126000000000000334e+00 4.124000000000000554e+00 2.843449812867243631e-03 6.978745754801179524e-05
4.126000000000000334e+00 4.129999999999999893e+00 4.128000000000000114e+00 2.919553170163382162e-03 7.117141501030059352e-05
4.129999999999999893e+00 4.133999999999999453e+00 4.131999999999999673e+00 2.983258771450909581e-03 6.922416826249202008e-05
4.134000000000000341e+00 4.137999999999999901e+00 4.136000000000000121e+00 2.796192756438509348e-03 7.036029608643339030e-05
4.138000000000000789e+00 4.142000000000000348e+00 4.140000000000000568e+00 2.929091221267477851e-03 6.922232360499808613e-05
4.142000000000000348e+00 4.145999999999999908e+00 4.144000000000000128e+00 2.912144640727364585e-03 7.020873145741959311e-05
4.145999999999999908e+00 4.149999999999999467e+00 4.147999999999999687e+00 2.937181927663591423e-03 7.044655942815623406e-05
4.150000000000000355e+00 4.153999999999999915e+00 4.152000000000000135e+00 2.879864436085571508e-03 7.070857295487506045e-05
4.154000000000000803e+00 4.158000000000000362e+00 4.156000000000000583e+00 2.858205724507338185e-03 7.206802296703704682e-05
4.158000000000000362e+00 4.161999999999999922e+00 4.160000000000000142e+00 2.889396638975411883e-03 7.340010730803757301e-05
4.161999999999999922e+00 4.165999999999999481e+00 4.163999999999999702e+00 2.917411924679706465e-03 7.125083651390774102e-05
4.166000000000000369e+00 4.169999999999999929e+00 4.168000000000000149e+00 3.013338523429951246e-03 7.355797333141714700e-05
4.170000000000000817e+00 4.174000000000000377e+00 4.172000000000000597e+00 2.939154987447943537e-03 7.150350323356171082e-05
4.174000000000000377e+00 4.177999999999999936e+00 4.176000000000000156e+00 2.875276210560438837e-03 7.140537900597952574e-05
4.177999999999999936e+00 4.181999999999999496e+00 4.179999999999999716e+00 2.895984644467730369e-03 7.137732742410833858e-05
4.182000000000000384e+00 4.185999999999999943e+00 4.184000000000000163e+00 3.007146485595751581e-03 7.203629537367267730e-05
4.186000000000000831e+00 4.190000000000000391e+00 4.188000000000000611e+00 2.883062112303760513e-03 7.210522722156666414e-05
4.190000000000000391e+00 4.193999999999999950e+00 4.192000000000000171e+00 2.905543044520585583e-03 7.447221241402294980e-05
4.193999999999999950e+00 4.197999999999999510e+00 4.195999999999999730e+00 3.038963519402512314e-03 7.376859732834179395e-05
4.198000000000000398e+00 4.201999999999999957e+00 4.200000000000000178e+00 3.053285804573774992e-03 7.283372645953019840e-05
4.202000000000000846e+00 4.206000000000000405e+00 4.204000000000000625e+00 2.919983014849714901e-03 7.604339647757596638e-05
4.206000000000000405e+00 4.209999999999999964e+00 4.208000000000000185e+00 3.014383431306701111e-03 7.386504110357082205e-05
4.209999999999999964e+00 4.213999999999999524e+00 4.211999999999999744e+00 2.983014580171913527e-03 7.647741748105044168e-05
4.214000000000000412e+00 4.217999999999999972e+00 4.216000000000000192e+00 2.825856668070584384e-03 7.280868083405600099e-05
4.218000000000000860e+00 4.222000000000000419e+00 4.220000000000000639e+00 2.958916427660027854e-03 7.350643521894033815e-05
4.222000000000000419e+00 4.225999999999999979e+00 4.224000000000000199e+00 2.868883081429587489e-03 7.455929140538087977e-05
4.225999999999999979e+00 4.229999999999999538e+00 4.227999999999999758e+00 2.945459820985181845e-03 7.499072843870063364e-05
4.230000000000000426e+00 4.233999999999999986e+00 4.232000000000000206e+00 3.027216408329862652e-03 7.476118470962170054e-05
4.234000000000000874e+00 4.238000000000000433e+00 4.236000000000000654e+00 2.845155535864645879e-03 7.322252488364618833e-05
4.238000000000000433e+00 4.241999999999999993e+00 4.240000000000000213e+00 2.838256506615236246e-03 7.383045728262397408e-05
4.241999999999999993e+00 4.245999999999999552e+00 4.243999999999999773e+00 3.004420528487233844e-03 7.599448001918049616e-05
4.246000000000000441e+00 4.250000000000000000e+00 4.248000000000000220e+00 2.871685521613439630e-03 7.318185443713519703e-05
4.250000000000000000e+00 4.253999999999999559e+00 4.251999999999999780e+00 2.927317280082020103e-03 7.438037973418192722e-05
4.254000000000000448e+00 4.258000000000000007e+00 4.256000000000000227e+00 2.923716117462360833e-03 7.586311110507051251e-05
4.258000000000000007e+00 4.261999999999999567e+00 4.259999999999999787e+00 3.015712394776112661e-03 7.707910475571279677e-05
4.261999999999999567e+00 4.265999999999999126e+00 4.263999999999999346e+00 2.979366782655420293e-03 7.645719594796544414e-05
4.266000000000000014e+00 4.269999999999999574e+00 4.267999999999999794e+00 2.995201624060702273e-03 7.465042504380012224e-05
4.270000000000000462e+00 4.274000000000000021e+00 4.272000000000000242e+00 3.012543479311424223e-03 7.854092054100728906e-05
4.274000000000000021e+00 4.277999999999999581e+00 4.275999999999999801e+00 3.037004038772215305e-03 7.579368717121460857e-05
4.277999999999999581e+00 4.281999999999999140e+00 4.279999999999999361e+00 2.801541600554271951e-03 7.420420651885297262e-05
4.282000000000000028e+00 4.285999999999999588e+00 4.283999999999999808e+00 2.903744564235601587e-03 7.359261050462956647e-05
4.286000000000000476e+00 4.290000000000000036e+00 4.288000000000000256e+00 2.890314090293270854e-03 7.645345842512664349e-05
4.290000000000000036e+00 4.293999999999999595e+00 4.291999999999999815e+00 2.917117194476829059e-03 7.751454032859488583e-05
4.293999999999999595e+00 4.297999999999999154e+00 4.295999999999999375e+00 3.068253473126676678e-03 1.185751288085973830e-04
4.298000000000000043e+00 4.301999999999999602e+00 4.299999999999999822e+00 2.910060727810696597e-03 7.964391393148291184e-05
4.302000000000000490e+00 4.306000000000000050e+00 4.304000000000000270e+00 3.015740313516396699e-03 7.906260874227758351e-05
4.306000000000000050e+00 4.309999999999999609e+00 4.307999999999999829e+00 2.931706786600330513e-03 7.905815284449757108e-05
4.309999999999999609e+00 4.313999999999999169e+00 4.311999999999999389e+00 3.031364912986232122e-03 8.013410957925623426e-05
4.314000000000000057e+00 4.317999999999999616e+00 4.315999999999999837e+00 2.935782071394899603e-03 8.001005789309132321e-05
4.318000000000000504e+00 4.322000000000000064e+00 4.320000000000000284e+00 2.960109531064353781e-03 7.915274844175201885e-05
4.322000000000000064e+00 4.325999999999999623e+00 4.323999999999999844e+00 2.876561720390726808e-03 8.276675546829854178e-05
4.325999999999999623e+00 4.329999999999999183e+00 4.327999999999999403e+00 2.944250197049309847e-03 7.996895815839505069e-05
4.330000000000000071e+00 4.333999999999999631e+00 4.331999999999999851e+00 2.911038140539689602e-03 7.919910729865806197e-05
4.334000000000000519e+00 4.338000000000000078e+00 4.336000000000000298e+00 3.088377703811985911e-03 8.075981432604683772e-05
4.338000000000000078e+00 4.341999999999999638e+00 4.339999999999999858e+00 3.030060995232033722e-03 8.142354819847158508e-05
4.341999999999999638e+00 4.345999999999999197e+00 4.343999999999999417e+00 2.899532906096219127e-03 8.140701155887201175e-05
4.346000000000000085e+00 4.349999999999999645e+00 4.347999999999999865e+00 2.988276612912975361e-03 8.049265255672802862e-05
4.350000000000000533e+00 4.354000000000000092e+00 4.352000000000000313e+00 2.972140378095025626e-03 8.580661144458863010e-05
4.354000000000000092e+00 4.357999999999999652e+00 4.355999999999999872e+00 2.983194705447934653e-03 8.475999337332342464e-05
4.357999999999999652e+00 4.361999999999999211e+00 4.359999999999999432e+00 2.830191572311438388e-03 8.500804790579350508e-05
4.362000000000000099e+00 4.365999999999999659e+00 4.363999999999999879e+00 2.954358508414540747e-03 8.440039102810344314e-05
4.366000000000000547e+00 4.370000000000000107e+00 4.368000000000000327e+00 2.894922897928277165e-03 8.389572654052653488e-05
4.370000000000000107e+00 4.373999999999999666e+00 4.371999999999999886e+00 3.093605431236334108e-03 8.470449632314837275e-05
4.373999999999999666e+00 4.377999999999999226e+00 4.375999999999999446e+00 2.908449543448526648e-03 8.585761464156561841e-05
4.378000000000000114e+00 4.381999999999999673e+00 4.379999999999999893e+00 3.023805136580075877e-03 8.479533455895056117e-05
4.382000000000000561e+00 4.386000000000000121e+00 4.384000000000000341e+00 2.829081959208635047e-03 8.442746673546270729e-05
4.386000000000000121e+00 4.389999999999999680e+00 4.387999999999999901e+00 2.858205839372912702e-03 8.609385260981264375e-05
4.389999999999999680e+00 4.393999999999999240e+00 4.391999999999999460e+00 2.848362281022398610e-03 8.458232260123036762e-05
4.394000000000000128e+00 4.397999999999999687e+00 4.395999999999999908e+00 3.016393416569873240e-03 8.521388038428522049e-05
4.398000000000000576e+00 4.402000000000000135e+00 4.400000000000000355e+00 2.869709385247318657e-03 8.560042133033901948e-05
4.402000000000000135e+00 4.405999999999999694e+00 4.403999999999999915e+00 2.938488879488132012e-03 9.186507843101327311e-05
4.405999999999999694e+00 4.409999999999999254e+00 4.407999999999999474e+00 2.774497895192089194e-03 9.092758191005592683e-05
4.410000000000000142e+00 4.413999999999999702e+00 4.411999999999999922e+00 2.676450871883366642e-03 8.558860366958481400e-05
4.414000000000000590e+00 4.418000000000000149e+00 4.416000000000000369e+00 2.837730745895171696e-03 8.653817662248153677e-05
4.418000000000000149e+00 4.421999999999999709e+00 4.419999999999999929e+00 2.837093420815873200e-03 9.043155322895806217e-05
4.421999999999999709e+00 4.425999999999999268e+00 4.423999999999999488e+00 3.044753199056861575e-03 8.652661083796817001e-05
4.426000000000000156e+00 4.429999999999999716e+00 4.427999999999999936e+00 2.891920845914171256e-03 8.988021867975198669e-05
4.430000000000000604e+00 4.434000000000000163e+00 4.432000000000000384e+00 2.941754772436228679e-03 8.865801390532748207e-05
4.434000000000000163e+00 4.437999999999999723e+00 4.435999999999999943e+00 2.701952963507772785e-03 8.652478079118527390e-05
4.437999999999999723e+00 4.441999999999999282e+00 4.439999999999999503e+00 2.865359566432478227e-03 9.005280764927833207e-05
4.442000000000000171e+00 4.445999999999999730e+00 4.443999999999999950e+00 2.812525058673355852e-03 8.845449812036226313e-05
4.446000000000000618e+00 4.450000000000000178e+00 4.448000000000000398e+00 2.929672480740325071e-03 8.940157272908528792e-05
4.450000000000000178e+00 4.453999999999999737e+00 4.451999999999999957e+00 2.783389523053299286e-03 8.991958467967693820e-05
4.453999999999999737e+00 4.457999999999999297e+00 4.455999999999999517e+00 3.068570020117298517e-03 8.876602893513908517e-05
4.458000000000000185e+00 4.461999999999999744e+00 4.459999999999999964e+00 3.129048210471982016e-03 8.965371921749232850e-05
4.462000000000000632e+00 4.466000000000000192e+00 4.464000000000000412e+00 2.980859994095264639e-03 8.987033221481975946e-05
4.466000000000000192e+00 4.469999999999999751e+00 4.467999999999999972e+00 2.829460685085328966e-03 9.104642340330537219e-05
4.469999999999999751e+00 4.473999999999999311e+00 4.471999999999999531e+00 2.968028848432789028e-03 9.271154220524671153e-05
4.474000000000000199e+00 4.477999999999999758e+00 4.475999999999999979e+00 2.859871949348144742e-03 9.406295938200646359e-05
4.478000000000000647e+00 4.482000000000000206e+00 4.480000000000000426e+00 2.934801641934400070e-03 9.605985701271433112e-05
4.482000000000000206e+00 4.485999999999999766e+00 4.483999999999999986e+00 3.029004241771806206e-03 9.057871865954795392e-05
4.485999999999999766e+00 4.489999999999999325e+00 4.487999999999999545e+00 2.762336201998203105e-03 9.275705906917832040e-05
4.490000000000000213e+00 4.493999999999999773e+00 4.491999999999999993e+00 3.051510217947369687e-03 9.267111814631413726e-05
4.494000000000000661e+00 4.498000000000000220e+00 4.496000000000000441e+00 2.872252481307719860e-03 1.012985867460912122e-04
4.498000000000000220e+00 4.501999999999999780e+00 4.500000000000000000e+00 2.867436546194967843e-03 9.224986149690523013e-05
4.501999999999999780e+00 4.505999999999999339e+00 4.503999999999999559e+00 2.989714089608516440e-03 9.176769295278477056e-05
4.506000000000000227e+00 4.509999999999999787e+00 4.508000000000000007e+00 2.991798199429895281e-03 9.366121391783107731e-05
4.510000000000000675e+00 4.514000000000000234e+00 4.512000000000000455e+00 3.092394763783101481e-03 9.321641137557174666e-05
4.514000000000000234e+00 4.517999999999999794e+00 4.516000000000000014e+00 3.054032991165826424e-03 9.351278109628836585e-05
4.517999999999999794e+00 4.521999999999999353e+00 4.519999999999999574e+00 2.835252366775991434e-03 9.400894973322611661e-05
4.522000000000000242e+00 4.525999999999999801e+00 4.524000000000000021e+00 2.848307584685077273e-03 9.528772201689621950e-05
4.526000000000000689e+00 4.530000000000000249e+00 4.528000000000000469e+00 2.834808131078068397e-03 9.560910924693642016e-05
4.530000000000000249e+00 4.533999999999999808e+00 4.532000000000000028e+00 2.986041936521854467e-03 9.699485062902235219e-05
4.533999999999999808e+00 4.537999999999999368e+00 4.535999999999999588e+00 2.965302316806513704e-03 9.618115174483907192e-05
4.538000000000000256e+00 4.541999999999999815e+00 4.540000000000000036e+00 2.860695438246616852e-03 9.798361107085666241e-05
4.542000000000000703e+00 4.546000000000000263e+00 4.544000000000000483e+00 2.784904275576372424e-03 9.362771769785285195e-05
4.546000000000000263e+00 4.549999999999999822e+00 4.548000000000000043e+00 2.967531413288442346e-03 9.368080627191413968e-05
4.549999999999999822e+00 4.553999999999999382e+00 4.551999999999999602e+00 2.736040928425820511e-03 9.779055495219767739e-05
4.554000000000000270e+00 4.557999999999999829e+00 4.556000000000000050e+00 3.058614578194783148e-03 9.598507030522535608e-05
4.558000000000000718e+00 4.562000000000000277e+00 4.560000000000000497e+00 3.002066134164656664e-03 1.033101921765995564e-04
4.562000000000000277e+00 4.565999999999999837e+00 4.564000000000000057e+00 2.996889278364108216e-03 1.032724132150653241e-04
4.565999999999999837e+00 4.569999999999999396e+00 4.567999999999999616e+00 2.944639060658966329e-03 9.390830348280703669e-05
4.570000000000000284e+00 4.573999999999999844e+00 4.572000000000000064e+00 2.869615508026145730e-03 9.614409417297068404e-05
4.574000000000000732e+00 4.578000000000000291e+00 4.576000000000000512e+00 2.885706351364671768e-03 9.608153630331094151e-05
4.578000000000000291e+00 4.581999999999999851e+00 4.580000000000000071e+00 2.854687378231498488e-03 1.003683811910534659e-04
4.581999999999999851e+00 4.585999999999999410e+00 4.583999999999999631e+00 2.840675365520533950e-03 9.626581953495534801e-05
4.586000000000000298e+00 4.589999999999999858e+00 4.588000000000000078e+00 3.025802512318482521e-03 9.889815266513606745e-05
4.590000000000000746e+00 4.594000000000000306e+00 4.592000000000000526e+00 2.937746663957299491e-03 9.941350051601385331e-05
4.594000000000000306e+00 4.597999999999999865e+00 4.596000000000000085e+00 2.894268669840462365e-03 1.000320101673085171e-04
4.597999999999999865e+00 4.601999999999999424e+00 4.599999999999999645e+00 2.905337334237258554e-03 9.829479965647778498e-05
4.602000000000000313e+00 4.605999999999999872e+00 4.604000000000000092e+00 2.904784195775261119e-03 1.006007005013589240e-04
4.606000000000000760e+00 4.610000000000000320e+00 4.608000000000000540e+00 2.832503338539848602e-03 1.014658408273289242e-04
4.610000000000000320e+00 4.613999999999999879e+00 4.612000000000000099e+00 2.885702793992704022e-03 9.735792454600785024e-05
4.613999999999999879e+00 4.617999999999999439e+00 4.615999999999999659e+00 2.848156322619426091e-03 1.001834852585460460e-04
4.618000000000000327e+00 4.621999999999999886e+00 4.620000000000000107e+00 3.014248635342256424e-03 9.959631965889910899e-05
4.622000000000000774e+00 4.626000000000000334e+00 4.624000000000000554e+00 2.843473276433617324e-03 9.707553415020755993e-05
4.626000000000000334e+00 4.629999999999999893e+00 4.628000000000000114e+00 2.902184579859167553e-03 9.973307900411117080e-05
4.629999999999999893e+00 4.633999999999999453e+00 4.631999999999999673e+00 2.907273412582970975e-03 1.008159103340032368e-04
4.634000000000000341e+00 4.637999999999999901e+00 4.636000000000000121e+00 2.890862791107305218e-03 1.003860758369284499e-04
4.638000000000000789e+00 4.642000000000000348e+00 4.640000000000000568e+00 2.858575142517911019e-03 1.018649680658137218e-04
4.642000000000000348e+00 4.645999999999999908e+00 4.644000000000000128e+00 2.800185144439221174e-03 1.007969301685928678e-04
4.645999999999999908e+00 4.649999999999999467e+00 4.647999999999999687e+00 2.815351802682319275e-03 1.008969896100340329e-04
4.650000000000000355e+00 4.653999999999999915e+00 4.652000000000000135e+00 2.851209768975722023e-03 9.746255710178970428e-05
4.654000000000000803e+00 4.658000000000000362e+00 4.656000000000000583e+00 2.829484140211955493e-03 1.028477170482956039e-04
4.658000000000000362e+00 4.661999999999999922e+00 4.660000000000000142e+00 2.945254142886205920e-03 1.019033833504012987e-04
4.661999999999999922e+00 4.665999999999999481e+00 4.663999999999999702e+00 2.774785515244600556e-03 9.713940738952817836e-05
4.666000000000000369e+00 4.669999999999999929e+00 4.668000000000000149e+00 2.892233816420277000e-03 1.034882121407292141e-04
4.670000000000000817e+00 4.674000000000000377e+00 4.672000000000000597e+00 2.949143375559052597e-03 1.001758784527204051e-04
4.674000000000000377e+00 4.677999999999999936e+00 4.676000000000000156e+00 3.049747579746524013e-03 9.783107006847990036e-05
4.677999999999999936e+00 4.681999999999999496e+00 4.679999999999999716e+00 2.909875228575234830e-03 1.028751403506738388e-04
4.682000000000000384e+00 4.685999999999999943e+00 4.684000000000000163e+00 3.033574371828563852e-03 1.024793107474480025e-04
4.686000000000000831e+00 4.690000000000000391e+00 4.688000000000000611e+00 2.959145329457877043e-03 1.010239325688853940e-04
4.690000000000000391e+00 4.693999999999999950e+00 4.692000000000000171e+00 2.861065774913077158e-03 1.049842377734340086e-04
4.693999999999999950e+00 4.697999999999999510e+00 4.695999999999999730e+00 3.038633731918812236e-03 1.030818637180537007e-04
4.698000000000000398e+00 4.701999999999999957e+00 4.700000000000000178e+00 2.921773317404656716e-03 1.056296413753635193e-04
4.702000000000000846e+00 4.706000000000000405e+00 4.704000000000000625e+00 2.860023368710049203e-03 1.038439327251648329e-04
4.706000000000000405e+00 4.709999999999999964e+00 4.708000000000000185e+00 2.751453496969079229e-03 1.059665960564038005e-04
4.709999999999999964e+00 4.713999999999999524e+00 4.711999999999999744e+00 2.944195070303197003e-03 1.046497261072282383e-04
4.714000000000000412e+00 4.717999999999999972e+00 4.716000000000000192e+00 2.908655312258671619e-03 1.046042002465146046e-04
4.718000000000000860e+00 4.722000000000000419e+00 4.720000000000000639e+00 2.925035786782091609e-03 1.046888231572902262e-04
4.722000000000000419e+00 4.725999999999999979e+00 4.724000000000000199e+00 2.970778218166101811e-03 1.056351099402140650e-04
4.725999999999999979e+00 4.729999999999999538e+00 4.727999999999999758e+00 2.844290603503170367e-03 1.059633398486565018e-04
4.730000000000000426e+00 4.733999999999999986e+00 4.732000000000000206e+00 2.752612641096384514e-03 1.026360860283003938e-04
4.734000000000000874e+00 4.738000000000000433e+00 4.736000000000000654e+00 2.807887176356512089e-03 1.053938502553970394e-04
4.738000000000000433e+00 4.741999999999999993e+00 4.740000000000000213e+00 2.641178660156626081e-03 1.055542398284721445e-04
4.741999999999999993e+00 4.745999999999999552e+00 4.743999999999999773e+00 2.700572701066412864e-03 1.031601537877581035e-04
4.746000000000000441e+00 4.750000000000000000e+00 4.748000000000000220e+00 2.815454087961877152e-03 1.054438626067412041e-04
4.750000000000000000e+00 4.753999999999999559e+00 4.751999999999999780e+00 2.794064886561181855e-03 1.085019496706302175e-04
4.754000000000000448e+00 4.758000000000000007e+00 4.756000000000000227e+00 2.943262550615817572e-03 1.050033655740281594e-04
4.758000000000000007e+00 4.761999999999999567e+00 4.759999999999999787e+00 2.790581042185680174e-03 1.056433375582610111e-04
4.761999999999999567e+00 4.765999999999999126e+00 4.763999999999999346e+00 2.908511845472088516e-03 1.106301932989845556e-04
4.766000000000000014e+00 4.769999999999999574e+00 4.767999999999999794e+00 2.802136085045357251e-03 1.091867360255256643e-04
4.770000000000000462e+00 4.774000000000000021e+00 4.772000000000000242e+00 2.918014172657170269e-03 1.088592610161149947e-04
4.774000000000000021e+00 4.777999999999999581e+00 4.775999999999999801e+00 2.867514624098609858e-03 1.090150056235770018e-04
4.777999999999999581e+00 4.781999999999999140e+00 4.779999999999999361e+00 2.850865108904812855e-03 1.127243899764489608e-04
4.782000000000000028e+00 4.785999999999999588e+00 4.783999999999999808e+00 2.930603493277143031e-03 1.112449496110794346e-04
4.786000000000000476e+00 4.790000000000000036e+00 4.788000000000000256e+00 2.626769108170711256e-03 1.084097208567860450e-04
4.790000000000000036e+00 4.793999999999999595e+00 4.791999999999999815e+00 2.820966359521023901e-03 1.094509524619698127e-04
4.793999999999999595e+00 4.797999999999999154e+00 4.795999999999999375e+00 2.915674569785751610e-03 1.105125916282376404e-04
4.798000000000000043e+00 4.801999999999999602e+00 4.799999999999999822e+00 3.079742755972542708e-03 1.061334381634617666e-04
4.802000000000000490e+00 4.806000000000000050e+00 4.804000000000000270e+00 2.973023466840723182e-03 1.101710075102086680e-04
4.806000000000000050e+00 4.809999999999999609e+00 4.807999999999999829e+00 2.967344497807850728e-03 1.059095931247289429e-04
4.809999999999999609e+00 4.813999999999999169e+00 4.811999999999999389e+00 2.764652602133743295e-03 1.106354296319951146e-04
4.814000000000000057e+00 4.817999999999999616e+00 4.815999999999999837e+00 3.002568787157267050e-03 1.140858211497935098e-04
4.818000000000000504e+00 4.822000000000000064e+00 4.820000000000000284e+00 2.820835522214599090e-03 1.087706465223241384e-04
4.822000000000000064e+00 4.825999999999999623e+00 4.823999999999999844e+00 2.952982898562595254e-03 1.118976402261425980e-04
4.825999999999999623e+00 4.829999999999999183e+00 4.827999999999999403e+00 2.923503275002506049e-03 1.106179923434468237e-04
4.830000000000000071e+00 4.833999999999999631e+00 4.831999999999999851e+00 2.697476646242994748e-03 1.126796187055114349e-04
4.834000000000000519e+00 4.838000000000000078e+00 4.836000000000000298e+00 2.686853110775287278e-03 1.120739251775639228e-04
4.838000000000000078e+00 4.841999999999999638e+00 4.839999999999999858e+00 2.717323350066093955e-03 1.129888639542346606e-04
4.841999999999999638e+00 4.845999999999999197e+00 4.843999999999999417e+00 2.663768205502923658e-03 1.133727356836182032e-04
4.846000000000000085e+00 4.849999999999999645e+00 4.847999999999999865e+00 2.900769877921153400e-03 1.121607834106399181e-04
4.850000000000000533e+00 4.854000000000000092e+00 4.852000000000000313e+00 2.867668806101384294e-03 1.122439604513227241e-04
4.854000000000000092e+00 4.857999999999999652e+00 4.855999999999999872e+00 2.963830829813432575e-03 1.148591529039303001e-04
4.857999999999999652e+00 4.861999999999999211e+00 4.859999999999999432e+00 3.060836825312095080e-03 1.085748647921014760e-04
4.862000000000000099e+00 4.865999999999999659e+00 4.863999999999999879e+00 2.855595879616905190e-03 1.167532005459285220e-04
4.866000000000000547e+00 4.870000000000000107e+00 4.868000000000000327e+00 2.891586759805161739e-03 1.099312844933893923e-04
4.870000000000000107e+00 4.873999999999999666e+00 4.871999999999999886e+00 2.914792415381695437e-03 1.166670218627897492e-04
4.873999999999999666e+00 4.877999999999999226e+00 4.875999999999999446e+00 2.892449792138396172e-03 1.148238749048187266e-04
4.878000000000000114e+00 4.881999999999999673e+00 4.879999999999999893e+00 2.909365898594097263e-03 1.124248061230140235e-04
4.882000000000000561e+00 4.886000000000000121e+00 4.884000000000000341e+00 2.911235839972911837e-03 1.169391620776936866e-04
4.886000000000000121e+00 4.889999999999999680e+00 4.887999999999999901e+00 2.916289888714488580e-03 1.142105789441853769e-04
4.889999999999999680e+00 4.893999999999999240e+00 4.891999999999999460e+00 2.949874199441324465e-03 1.229997009369489648e-04
4.894000000000000128e+00 4.897999999999999687e+00 4.895999999999999908e+00 2.842728486732239677e-03 1.208456925627862666e-04
4.898000000000000576e+00 4.902000000000000135e+00 4.900000000000000355e+00 3.020318000247190857e-03 1.150495604373341028e-04
4.902000000000000135e+00 4.905999999999999694e+00 4.903999999999999915e+00 2.828013363486196318e-03 1.157625173469530044e-04
4.905999999999999694e+00 4.909999999999999254e+00 4.907999999999999474e+00 2.840124704311602390e-03 1.199216143710431947e-04
4.910000000000000142e+00 4.913999999999999702e+00 4.911999999999999922e+00 2.889781179326185098e-03 1.137918315841824506e-04
4.914000000000000590e+00 4.918000000000000149e+00 4.916000000000000369e+00 2.610288043088893669e-03 1.183436750226042210e-04
4.918000000000000149e+00 4.921999999999999709e+00 4.919999999999999929e+00 2.996790148775895727e-03 1.136520502984680430e-04
4.921999999999999709e+00 4.925999999999999268e+00 4.923999999999999488e+00 2.902234547926427818e-03 1.152645230900592910e-04
4.926000000000000156e+00 4.929999999999999716e+00 4.927999999999999936e+00 2.823849000162318313e-03 1.167090301567225749e-04
4.930000000000000604e+00 4.934000000000000163e+00 4.932000000000000384e+00 2.906828901406614905e-03 1.160676327261601199e-04
4.934000000000000163e+00 4.937999999999999723e+00 4.935999999999999943e+00 2.846653964970914576e-03 1.191228946567058717e-04
4.937999999999999723e+00 4.941999999999999282e+00 4.939999999999999503e+00 2.983205522279442409e-03 1.169965579880558282e-04
4.942000000000000171e+00 4.945999999999999730e+00 4.943999999999999950e+00 2.904342950000020785e-03 1.174976658889903948e-04
4.946000000000000618e+00 4.950000000000000178e+00 4.948000000000000398e+00 2.849266325082166519e-03 1.511730131204729673e-04
4.950000000000000178e+00 4.953999999999999737e+00 4.951999999999999957e+00 3.018716952932909512e-03 1.169725038679975956e-04
4.953999999999999737e+00 4.957999999999999297e+00 4.955999999999999517e+00 2.817698097327590856e-03 1.246876262236742419e-04
4.958000000000000185e+00 4.961999999999999744e+00 4.959999999999999964e+00 2.946123613558928201e-03 1.198392917667963538e-04
4.962000000000000632e+00 4.966000000000000192e+00 4.964000000000000412e+00 2.942822820230032218e-03 1.138155098617850013e-04
4.966000000000000192e+00 4.969999999999999751e+00 4.967999999999999972e+00 2.994558450818484135e-03 1.257170933794978082e-04
4.969999999999999751e+00 4.973999999999999311e+00 4.971999999999999531e+00 2.972915286412446730e-03 1.171523364894017506e-04
4.974000000000000199e+00 4.977999999999999758e+00 4.975999999999999979e+00 2.790907916671506953e-03 1.205803881996400233e-04
4.978000000000000647e+00 4.982000000000000206e+00 4.980000000000000426e+00 2.875535876615295788e-03 1.241125642362709940e-04
4.982000000000000206e+00 4.985999999999999766e+00 4.983999999999999986e+00 2.720474681464837754e-03 1.223171984834284113e-04
4.985999999999999766e+00 4.989999999999999325e+00 4.987999999999999545e+00 2.832051751799724831e-03 1.225616886341811534e-04
4.990000000000000213e+00 4.993999999999999773e+00 4.991999999999999993e+00 2.825694941337118619e-03 1.269701326560566165e-04
4.994000000000000661e+00 4.998000000000000220e+00 4.996000000000000441e+00 3.071757378856559018e-03 1.206671052532449644e-04
4.998000000000000220e+00 5.001999999999999780e+00 5.000000000000000000e+00 3.012636527297211930e-03 1.200757691502919510e-04
5.001999999999999780e+00 5.005999999999999339e+00 5.003999999999999559e+00 2.860968460511599098e-03 1.264046609964424679e-04
5.006000000000000227e+00 5.009999999999999787e+00 5.008000000000000007e+00 3.029790017297822984e-03 1.230928206916734942e-04
5.010000000000000675e+00 5.014000000000000234e+00 5.012000000000000455e+00 2.856550311985838440e-03 1.250113911451899268e-04
5.014000000000000234e+00 5.017999999999999794e+00 5.016000000000000014e+00 3.012836629571427182e-03 1.216203076318065891e-04
5.017999999999999794e+00 5.021999999999999353e+00 5.019999999999999574e+00 2.935843327322024132e-03 1.281352981753397036e-04
5.022000000000000242e+00 5.025999999999999801e+00 5.024000000000000021e+00 2.759717183712386088e-03 1.293729243158789571e-04
5.026000000000000689e+00 5.030000000000000249e+00 5.028000000000000469e+00 3.003680767772600162e-03 1.274139147958300105e-04
5.030000000000000249e+00 5.033999999999999808e+00 5.032000000000000028e+00 2.905707312698243595e-03 1.301558599732552759e-04
5.033999999999999808e+00 5.037999999999999368e+00 5.035999999999999588e+00 2.935118708246389069e-03 1.257949901643982905e-04
5.038000000000000256e+00 5.041999999999999815e+00 5.040000000000000036e+00 3.047759972943402205e-03 1.260527438155760590e-04
5.042000000000000703e+00 5.046000000000000263e+00 5.044000000000000483e+00 3.050826458768166657e-03 1.236793143268659606e-04
5.046000000000000263e+00 5.049999999999999822e+00 5.048000000000000043e+00 2.855054380261602687e-03 1.243502266286979183e-04
5.049999999999999822e+00 5.053999999999999382e+00 5.051999999999999602e+00 2.766260184539993516e-03 1.240082640760390808e-04
5.054000000000000270e+00 5.057999999999999829e+00 5.056000000000000050e+00 2.998700352934948170e-03 1.211447338473955343e-04
5.058000000000000718e+00 5.062000000000000277e+00 5.060000000000000497e+00 2.929748659417949312e-03 1.311049359920309759e-04
5.062000000000000277e+00 5.065999999999999837e+00 5.064000000000000057e+00 2.870470224072223849e-03 1.263352399823517423e-04
5.065999999999999837e+00 5.069999999999999396e+00 5.067999999999999616e+00 2.826375442470836774e-03 1.284305315540190239e-04
5.070000000000000284e+00 5.073999999999999844e+00 5.072000000000000064e+00 2.933585092698991117e-03 1.239727619961994269e-04
5.074000000000000732e+00 5.078000000000000291e+00 5.076000000000000512e+00 2.925428861806822836e-03 1.278010544560239509e-04
5.078000000000000291e+00 5.081999999999999851e+00 5.080000000000000071e+00 2.735040359854107230e-03 1.252267385076956266e-04
5.081999999999999851e+00 5.085999999999999410e+00 5.083999999999999631e+00 2.917944990548839140e-03 1.244888071780141168e-04
5.086000000000000298e+00 5.089999999999999858e+00 5.088000000000000078e+00 2.799098987877345762e-03 1.258782889863112840e-04
5.090000000000000746e+00 5.094000000000000306e+00 5.092000000000000526e+00 2.849361212447279294e-03 1.232662173864290840e-04
5.094000000000000306e+00 5.097999999999999865e+00 5.096000000000000085e+00 3.031019102395499879e-03 1.270689547861930712e-04
5.097999999999999865e+00 5.101999999999999424e+00 5.099999999999999645e+00 2.734790426117638101e-03 1.277296890457618912e-04
5.102000000000000313e+00 5.105999999999999872e+00 5.104000000000000092e+00 2.878121357938610587e-03 1.267803546723469141e-04
5.106000000000000760e+00 5.110000000000000320e+00 5.108000000000000540e+00 2.868301315086538641e-03 1.256937436179482958e-04
5.110000000000000320e+00 5.113999999999999879e+00 5.112000000000000099e+00 2.825390434852190821e-03 1.281031093337480723e-04
5.113999999999999879e+00 5.117999999999999439e+00 5.115999999999999659e+00 2.535582851920266736e-03 1.187701096098245834e-04
5.118000000000000327e+00 5.121999999999999886e+00 5.120000000000000107e+00 3.008435815222537321e-03 1.321167678456422869e-04
5.122000000000000774e+00 5.126000000000000334e+00 5.124000000000000554e+00 2.717410526016387964e-03 1.245484629291337346e-04
5.126000000000000334e+00 5.129999999999999893e+00 5.128000000000000114e+00 2.890065965587535098e-03 1.252909216516727203e-04
5.129999999999999893e+00 5.133999999999999453e+00 5.131999999999999673e+00 2.796508416818254891e-03 1.726914510510102528e-04
5.134000000000000341e+00 5.137999999999999901e+00 5.136000000000000121e+00 2.991705860349281286e-03 1.297564782853089232e-04
5.138000000000000789e+00 5.142000000000000348e+00 5.140000000000000568e+00 2.767789339556530996e-03 1.269105553794574461e-04
5.142000000000000348e+00 5.145999999999999908e+00 5.144000000000000128e+00 3.133589585665579828e-03 1.337089586890001080e-04
5.145999999999999908e+00 5.149999999999999467e+00 5.147999999999999687e+00 2.759324170859311573e-03 1.282173673949189266e-04
5.150000000000000355e+00 5.153999999999999915e+00 5.152000000000000135e+00 2.720963367630988873e-03 1.314921131080777888e-04
5.154000000000000803e+00 5.158000000000000362e+00 5.156000000000000583e+00 2.987459351438477746e-03 1.877039330207274932e-04
5.158000000000000362e+00 5.161999999999999922e+00 5.160000000000000142e+00 2.764084599948552629e-03 1.530606894594822376e-04
5.161999999999999922e+00 5.165999999999999481e+00 5.163999999999999702e+00 2.977772592706162420e-03 1.308633385237631906e-04
5.166000000000000369e+00 5.169999999999999929e+00 5.168000000000000149e+00 2.727426003743420313e-03 1.640389521356706577e-04