2.870000000000000107e+00 2.873999999999999666e+00 2.871999999999999886e+00 2.963429185034884179e-03 6.759875880774111401e-05
2.874000000000000554e+00 2.878000000000000114e+00 2.876000000000000334e+00 2.932175609568258689e-03 6.311502176807298867e-05
2.878000000000000114e+00 2.881999999999999673e+00 2.879999999999999893e+00 2.958488597863863454e-03 6.473603352752380015e-05
2.882000000000000561e+00 2.886000000000000121e+00 2.884000000000000341e+00 2.964106621482092124e-03 6.525435786852186709e-05
2.886000000000000121e+00 2.889999999999999680e+00 2.887999999999999901e+00 2.882296409624499154e-03 6.592281442229555024e-05
2.890000000000000568e+00 2.894000000000000128e+00 2.892000000000000348e+00 2.840547126205278123e-03 6.362395999331858711e-05
2.894000000000000128e+00 2.897999999999999687e+00 2.895999999999999908e+00 2.913165510924300376e-03 6.219766796973448444e-05
2.898000000000000576e+00 2.902000000000000135e+00 2.900000000000000355e+00 2.872336794069461734e-03 6.802620992317323417e-05
2.902000000000000135e+00 2.905999999999999694e+00 2.903999999999999915e+00 2.856795481859990358e-03 6.792388290724661474e-05
2.906000000000000583e+00 2.910000000000000142e+00 2.908000000000000362e+00 2.902838001461300731e-03 6.625159125858560267e-05
2.910000000000000142e+00 2.913999999999999702e+00 2.911999999999999922e+00 3.055294100282737041e-03 6.802980023326781563e-05
2.914000000000000590e+00 2.918000000000000149e+00 2.916000000000000369e+00 2.910023338995251872e-03 6.196157786469091121e-05
2.918000000000000149e+00 2.921999999999999709e+00 2.919999999999999929e+00 2.846881410279332968e-03 6.056679314653509906e-05
2.922000000000000597e+00 2.926000000000000156e+00 2.924000000000000377e+00 2.946495567224680784e-03 6.223755380982938317e-05
2.926000000000000156e+00 2.929999999999999716e+00 2.927999999999999936e+00 2.810842439870841168e-03 6.374708636957689373e-05
2.930000000000000604e+00 2.934000000000000163e+00 2.932000000000000384e+00 2.889945592267493396e-03 5.874648484796010303e-05
2.934000000000000163e+00 2.937999999999999723e+00 2.935999999999999943e+00 2.836140152597816343e-03 6.136652881028079683e-05
2.938000000000000611e+00 2.942000000000000171e+00 2.940000000000000391e+00 2.937334081921231729e-03 5.797354896755795765e-05
2.942000000000000171e+00 2.945999999999999730e+00 2.943999999999999950e+00 2.937460583593726107e-03 6.168825005457449556e-05
2.946000000000000618e+00 2.950000000000000178e+00 2.948000000000000398e+00 2.983175251884955404e-03 5.903595826645246239e-05
2.950000000000000178e+00 2.953999999999999737e+00 2.951999999999999957e+00 2.909112111804934390e-03 5.681818773932188158e-05
2.954000000000000625e+00 2.958000000000000185e+00 2.956000000000000405e+00 3.016374825562762735e-03 5.756711415918689106e-05
2.958000000000000185e+00 2.961999999999999744e+00 2.959999999999999964e+00 2.941920179484995655e-03 5.783984070942482591e-05
2.962000000000000632e+00 2.966000000000000192e+00 2.964000000000000412e+00 2.978059213872664285e-03 5.858917876997912360e-05
2.966000000000000192e+00 2.969999999999999751e+00 2.967999999999999972e+00 3.035569613690566361e-03 6.491018629888868315e-05
2.970000000000000639e+00 2.974000000000000199e+00 2.972000000000000419e+00 3.092743195767836632e-03 5.701586620399178262e-05
2.974000000000000199e+00 2.977999999999999758e+00 2.975999999999999979e+00 2.890710856866265336e-03 5.965987038255064577e-05
2.978000000000000647e+00 2.982000000000000206e+00 2.980000000000000426e+00 3.001223889969168151e-03 5.761872784901734043e-05
2.982000000000000206e+00 2.985999999999999766e+00 2.983999999999999986e+00 2.962828673891644126e-03 5.804677089296484625e-05
2.986000000000000654e+00 2.990000000000000213e+00 2.988000000000000433e+00 2.981173216667147921e-03 5.935943674623781347e-05
2.990000000000000213e+00 2.993999999999999773e+00 2.991999999999999993e+00 2.969873300753879310e-03 5.476754516631177853e-05
2.994000000000000661e+00 2.998000000000000220e+00 2.996000000000000441e+00 2.865577180968519912e-03 5.633955672210217211e-05
2.998000000000000220e+00 3.001999999999999780e+00 3.000000000000000000e+00 2.953220576560650675e-03 5.776749086724092204e-05
3.001999999999999780e+00 3.005999999999999339e+00 3.003999999999999559e+00 2.896854028534127674e-03 5.876473314080783006e-05
3.006000000000000227e+00 3.009999999999999787e+00 3.008000000000000007e+00 3.059861768644646287e-03 5.467820048632056606e-05
3.009999999999999787e+00 3.013999999999999346e+00 3.011999999999999567e+00 2.952176416632311048e-03 5.616466343585391500e-05
3.014000000000000234e+00 3.017999999999999794e+00 3.016000000000000014e+00 2.986034609466263305e-03 5.819097709073686232e-05
3.017999999999999794e+00 3.021999999999999353e+00 3.019999999999999574e+00 2.890774224076657004e-03 6.200944494426386940e-05
3.022000000000000242e+00 3.025999999999999801e+00 3.024000000000000021e+00 2.882833936041830861e-03 5.576762478658758192e-05
3.025999999999999801e+00 3.029999999999999361e+00 3.027999999999999581e+00 2.887072025970291098e-03 5.608478168682862891e-05
3.030000000000000249e+00 3.033999999999999808e+00 3.032000000000000028e+00 2.913275051354882912e-03 5.635389675916380083e-05
3.033999999999999808e+00 3.037999999999999368e+00 3.035999999999999588e+00 2.923713873913897504e-03 5.433408343590855776e-05
3.038000000000000256e+00 3.041999999999999815e+00 3.040000000000000036e+00 3.002169162937217816e-03 5.387578382822094544e-05
3.041999999999999815e+00 3.045999999999999375e+00 3.043999999999999595e+00 2.939172878166038463e-03 5.508491051168376627e-05
3.046000000000000263e+00 3.049999999999999822e+00 3.048000000000000043e+00 2.886960951762065908e-03 5.691454195214311980e-05
3.049999999999999822e+00 3.053999999999999382e+00 3.051999999999999602e+00 2.934748635172207843e-03 5.621552419565073612e-05
3.054000000000000270e+00 3.057999999999999829e+00 3.056000000000000050e+00 2.889537966721217582e-03 5.556478120318906371e-05
3.057999999999999829e+00 3.061999999999999389e+00 3.059999999999999609e+00 2.977538782121069358e-03 5.765819694319608145e-05
3.062000000000000277e+00 3.065999999999999837e+00 3.064000000000000057e+00 3.001166453160652222e-03 5.738093972473584154e-05
3.065999999999999837e+00 3.069999999999999396e+00 3.067999999999999616e+00 2.890178435647330468e-03 5.552055926607412240e-05
3.070000000000000284e+00 3.073999999999999844e+00 3.072000000000000064e+00 2.793799935073173861e-03 5.617627443362762285e-05
3.073999999999999844e+00 3.077999999999999403e+00 3.075999999999999623e+00 2.941577644736694495e-03 5.445642709737514117e-05
3.078000000000000291e+00 3.081999999999999851e+00 3.080000000000000071e+00 2.853008589331396810e-03 5.283640448489157850e-05
3.081999999999999851e+00 3.085999999999999410e+00 3.083999999999999631e+00 2.840673422228648468e-03 5.414825714861453977e-05
3.086000000000000298e+00 3.089999999999999858e+00 3.088000000000000078e+00 2.930842460997781958e-03 5.468853875727518388e-05
3.089999999999999858e+00 3.093999999999999417e+00 3.091999999999999638e+00 3.061277889456124474e-03 5.790589207650512926e-05
3.094000000000000306e+00 3.097999999999999865e+00 3.096000000000000085e+00 2.886896456735906814e-03 5.374328058293990857e-05
3.097999999999999865e+00 3.101999999999999424e+00 3.099999999999999645e+00 2.841564122031738863e-03 5.557543868901195834e-05
3.102000000000000313e+00 3.105999999999999872e+00 3.104000000000000092e+00 2.901529479592464180e-03 5.366036933667663717e-05
3.105999999999999872e+00 3.109999999999999432e+00 3.107999999999999652e+00 3.051621826708724502e-03 5.714080358594225294e-05
3.110000000000000320e+00 3.113999999999999879e+00 3.112000000000000099e+00 3.006970309717416513e-03 5.412470682909151221e-05
3.113999999999999879e+00 3.117999999999999439e+00 3.115999999999999659e+00 2.983217370486903556e-03 5.773247840626720645e-05
3.118000000000000327e+00 3.121999999999999886e+00 3.120000000000000107e+00 2.948658107111049465e-03 5.947553559209532801e-05
3.121999999999999886e+00 3.125999999999999446e+00 3.123999999999999666e+00 2.979067885320922648e-03 5.490302945920721517e-05
3.126000000000000334e+00 3.129999999999999893e+00 3.128000000000000114e+00 2.909330423454824059e-03 5.418980230160094081e-05
3.129999999999999893e+00 3.133999999999999453e+00 3.131999999999999673e+00 2.945060421509646410e-03 5.642290196619510848e-05
3.134000000000000341e+00 3.137999999999999901e+00 3.136000000000000121e+00 2.898289546813830400e-03 5.587803264036592414e-05
3.137999999999999901e+00 3.141999999999999460e+00 3.139999999999999680e+00 2.864467522012455278e-03 5.316669229627395626e-05
3.142000000000000348e+00 3.145999999999999908e+00 3.144000000000000128e+00 2.933041030571513150e-03 5.596012827541600493e-05
3.145999999999999908e+00 3.149999999999999467e+00 3.147999999999999687e+00 2.899203372290986170e-03 5.535037861877598346e-05
3.150000000000000355e+00 3.153999999999999915e+00 3.152000000000000135e+00 2.913225884590200758e-03 5.366321812354245301e-05
3.153999999999999915e+00 3.157999999999999474e+00 3.155999999999999694e+00 3.072411233094336520e-03 5.365715835126298803e-05
3.158000000000000362e+00 3.161999999999999922e+00 3.160000000000000142e+00 2.952449596501549329e-03 5.406980431596941812e-05
3.161999999999999922e+00 3.165999999999999481e+00 3.163999999999999702e+00 2.892248775473258999e-03 5.192748020945012530e-05
3.166000000000000369e+00 3.169999999999999929e+00 3.168000000000000149e+00 2.983092052470030613e-03 5.387780095457968488e-05
3.169999999999999929e+00 3.173999999999999488e+00 3.171999999999999709e+00 2.959414567012143456e-03 5.497247409249778489e-05
3.174000000000000377e+00 3.177999999999999936e+00 3.176000000000000156e+00 2.999378447360686283e-03 5.485637350081816910e-05
3.177999999999999936e+00 3.181999999999999496e+00 3.179999999999999716e+00 3.083291085196558732e-03 5.887889775725131881e-05
3.182000000000000384e+00 3.185999999999999943e+00 3.184000000000000163e+00 2.839451082992848052e-03 5.370199871490955281e-05
3.185999999999999943e+00 3.189999999999999503e+00 3.187999999999999723e+00 2.908113297676345743e-03 5.344435449898468361e-05
3.190000000000000391e+00 3.193999999999999950e+00 3.192000000000000171e+00 3.095383000832326124e-03 5.741799994699684368e-05
3.193999999999999950e+00 3.197999999999999510e+00 3.195999999999999730e+00 3.039403755180543516e-03 5.415152704119188175e-05
3.198000000000000398e+00 3.201999999999999957e+00 3.200000000000000178e+00 2.921999145049628769e-03 5.462045472490860166e-05
3.201999999999999957e+00 3.205999999999999517e+00 3.203999999999999737e+00 2.971857759432144398e-03 5.576969051701628175e-05
3.206000000000000405e+00 3.209999999999999964e+00 3.208000000000000185e+00 3.021576133797938216e-03 5.283330506352791302e-05
3.209999999999999964e+00 3.213999999999999524e+00 3.211999999999999744e+00 2.922228537977008232e-03 5.556303228787897087e-05
3.214000000000000412e+00 3.217999999999999972e+00 3.216000000000000192e+00 2.992180089409530661e-03 5.634482928578670293e-05
3.217999999999999972e+00 3.221999999999999531e+00 3.219999999999999751e+00 2.999906739554433852e-03 5.603750593274770138e-05
3.222000000000000419e+00 3.225999999999999979e+00 3.224000000000000199e+00 2.993744575262408461e-03 5.425500692558482904e-05
3.225999999999999979e+00 3.229999999999999538e+00 3.227999999999999758e+00 3.009184879637389655e-03 5.972615357243787849e-05
3.230000000000000426e+00 3.233999999999999986e+00 3.232000000000000206e+00 2.975642254866245860e-03 5.534958993267415751e-05
3.233999999999999986e+00 3.237999999999999545e+00 3.235999999999999766e+00 3.018537363797631733e-03 5.621839016071695599e-05
3.238000000000000433e+00 3.241999999999999993e+00 3.240000000000000213e+00 2.978229957543170395e-03 5.550374174843787243e-05
3.241999999999999993e+00 3.245999999999999552e+00 3.243999999999999773e+00 2.949578489587141236e-03 5.509024332510913531e-05
3.246000000000000441e+00 3.250000000000000000e+00 3.248000000000000220e+00 3.038679770924097422e-03 5.478649142410749602e-05
3.250000000000000000e+00 3.253999999999999559e+00 3.251999999999999780e+00 3.068453786973842495e-03 5.254364101367044263e-05
3.254000000000000448e+00 3.258000000000000007e+00 3.256000000000000227e+00 2.960170641034610192e-03 5.604058651081438795e-05
3.258000000000000007e+00 3.261999999999999567e+00 3.259999999999999787e+00 3.034521991896399744e-03 5.358734222214646837e-05
3.262000000000000455e+00 3.266000000000000014e+00 3.264000000000000234e+00 2.972155655206385871e-03 5.547911305002867054e-05
3.266000000000000014e+00 3.269999999999999574e+00 3.267999999999999794e+00 3.015186390681343174e-03 5.514060267224022170e-05
3.270000000000000462e+00 3.274000000000000021e+00 3.272000000000000242e+00 2.946144017730781186e-03 5.777498025973156756e-05
3.274000000000000021e+00 3.277999999999999581e+00 3.275999999999999801e+00 3.072305405374991388e-03 5.381911846022988718e-05
3.278000000000000469e+00 3.282000000000000028e+00 3.280000000000000249e+00 2.959698702705909276e-03 5.393383577336408383e-05
3.282000000000000028e+00 3.285999999999999588e+00 3.283999999999999808e+00 2.857728241496833299e-03 5.437952526974978350e-05
3.286000000000000476e+00 3.290000000000000036e+00 3.288000000000000256e+00 3.056640008916724355e-03 5.342523439481699604e-05
3.290000000000000036e+00 3.293999999999999595e+00 3.291999999999999815e+00 3.046598760083001935e-03 5.144278300442190670e-05
3.294000000000000483e+00 3.298000000000000043e+00 3.296000000000000263e+00 3.006669544735719648e-03 5.319137968552240187e-05
3.298000000000000043e+00 3.301999999999999602e+00 3.299999999999999822e+00 2.978325590414610848e-03 5.280598222301524338e-05
3.302000000000000490e+00 3.306000000000000050e+00 3.304000000000000270e+00 3.012726526310317669e-03 5.239742832085125986e-05
3.306000000000000050e+00 3.309999999999999609e+00 3.307999999999999829e+00 2.932276267169017965e-03 5.375540508339821078e-05
3.310000000000000497e+00 3.314000000000000057e+00 3.312000000000000277e+00 2.995199362504693836e-03 5.636196496854660145e-05
3.314000000000000057e+00 3.317999999999999616e+00 3.315999999999999837e+00 3.046905453920598951e-03 5.387604913580815131e-05
3.318000000000000504e+00 3.322000000000000064e+00 3.320000000000000284e+00 3.065602908031369450e-03 5.709107442884464476e-05
3.322000000000000064e+00 3.325999999999999623e+00 3.323999999999999844e+00 3.119441318493777499e-03 5.427158835841011734e-05
3.326000000000000512e+00 3.330000000000000071e+00 3.328000000000000291e+00 2.991968860169482314e-03 5.372356277068988581e-05
3.330000000000000071e+00 3.333999999999999631e+00 3.331999999999999851e+00 3.062763421822978054e-03 5.294112464966786632e-05
3.334000000000000519e+00 3.338000000000000078e+00 3.336000000000000298e+00 3.013507958743233579e-03 5.484885935620238294e-05
3.338000000000000078e+00 3.341999999999999638e+00 3.339999999999999858e+00 2.920417595063100162e-03 5.501285423759773302e-05
3.342000000000000526e+00 3.346000000000000085e+00 3.344000000000000306e+00 3.107648884592571249e-03 5.496171078207991298e-05
3.346000000000000085e+00 3.349999999999999645e+00 3.347999999999999865e+00 2.977591920603271051e-03 5.377260123253322776e-05
3.350000000000000533e+00 3.354000000000000092e+00 3.352000000000000313e+00 3.043164138143541423e-03 5.243441583812819999e-05
3.354000000000000092e+00 3.357999999999999652e+00 3.355999999999999872e+00 2.994290713894476232e-03 5.396902195390371957e-05
3.358000000000000540e+00 3.362000000000000099e+00 3.360000000000000320e+00 2.943584027369992948e-03 5.538113656869879072e-05
3.362000000000000099e+00 3.365999999999999659e+00 3.363999999999999879e+00 2.982318597640365443e-03 5.618441573112965267e-05
3.366000000000000547e+00 3.370000000000000107e+00 3.368000000000000327e+00 3.045733951093381690e-03 5.723047656787150260e-05
3.370000000000000107e+00 3.373999999999999666e+00 3.371999999999999886e+00 2.921735219042167174e-03 5.552618980897495765e-05
3.374000000000000554e+00 3.378000000000000114e+00 3.376000000000000334e+00 3.000244991226370516e-03 5.326075386523505660e-05
3.378000000000000114e+00 3.381999999999999673e+00 3.379999999999999893e+00 3.045500379045799118e-03 5.535575281403609931e-05
3.382000000000000561e+00 3.386000000000000121e+00 3.384000000000000341e+00 3.045016220508252498e-03 5.413080957689984734e-05
3.386000000000000121e+00 3.389999999999999680e+00 3.387999999999999901e+00 2.904185380979594760e-03 5.304929855913254879e-05
3.390000000000000568e+00 3.394000000000000128e+00 3.392000000000000348e+00 2.917067388918473999e-03 5.466217702199426448e-05
3.394000000000000128e+00 3.397999999999999687e+00 3.395999999999999908e+00 3.035316330514035987e-03 5.489935598102116079e-05
3.398000000000000576e+00 3.402000000000000135e+00 3.400000000000000355e+00 3.004519064166546842e-03 5.298656929660194967e-05
3.402000000000000135e+00 3.405999999999999694e+00 3.403999999999999915e+00 2.935172242768005132e-03 5.578551638772011610e-05
3.406000000000000583e+00 3.410000000000000142e+00 3.408000000000000362e+00 3.006959752770224214e-03 5.255201377786058087e-05
3.410000000000000142e+00 3.413999999999999702e+00 3.411999999999999922e+00 3.071926558139633900e-03 5.529325597171812651e-05
3.414000000000000590e+00 3.418000000000000149e+00 3.416000000000000369e+00 3.020658208748699166e-03 5.625835961168463054e-05
3.418000000000000149e+00 3.421999999999999709e+00 3.419999999999999929e+00 3.079589676436601375e-03 5.556394156738816108e-05
3.422000000000000597e+00 3.426000000000000156e+00 3.424000000000000377e+00 3.004159002471820227e-03 5.369169770313459718e-05
3.426000000000000156e+00 3.429999999999999716e+00 3.427999999999999936e+00 2.948924302183583614e-03 5.396692224044314322e-05
3.430000000000000604e+00 3.434000000000000163e+00 3.432000000000000384e+00 3.007265770991207794e-03 5.450244514154825679e-05
3.434000000000000163e+00 3.437999999999999723e+00 3.435999999999999943e+00 2.952383012481734226e-03 5.292705152043929889e-05
3.438000000000000611e+00 3.442000000000000171e+00 3.440000000000000391e+00 3.044146636635236026e-03 5.391519960334374928e-05
3.442000000000000171e+00 3.445999999999999730e+00 3.443999999999999950e+00 2.970762615206042848e-03 5.372724934055764348e-05
3.446000000000000618e+00 3.450000000000000178e+00 3.448000000000000398e+00 2.988721260391127670e-03 5.364372872024584306e-05
3.450000000000000178e+00 3.453999999999999737e+00 3.451999999999999957e+00 3.042864474631314011e-03 5.345711049792423284e-05
3.454000000000000625e+00 3.458000000000000185e+00 3.456000000000000405e+00 2.909073007791615310e-03 5.462884117853017782e-05
3.458000000000000185e+00 3.461999999999999744e+00 3.459999999999999964e+00 2.961954234509658803e-03 5.444875480552086575e-05
3.462000000000000632e+00 3.466000000000000192e+00 3.464000000000000412e+00 2.975362016562445918e-03 5.681592039865861194e-05
3.466000000000000192e+00 3.469999999999999751e+00 3.467999999999999972e+00 2.864019894933180713e-03 5.603545220586323762e-05
3.470000000000000639e+00 3.474000000000000199e+00 3.472000000000000419e+00 2.949365380394364678e-03 5.204928397436126079e-05
3.474000000000000199e+00 3.477999999999999758e+00 3.475999999999999979e+00 3.024952763066076061e-03 5.329953243523489771e-05
3.478000000000000647e+00 3.482000000000000206e+00 3.480000000000000426e+00 3.047879137707001484e-03 5.682156921510547395e-05
3.482000000000000206e+00 3.485999999999999766e+00 3.483999999999999986e+00 3.126793470326480993e-03 5.363670936330735807e-05
3.486000000000000654e+00 3.490000000000000213e+00 3.488000000000000433e+00 3.051755874019289414e-03 5.395197591145227563e-05
3.490000000000000213e+00 3.493999999999999773e+00 3.491999999999999993e+00 2.990102462523440245e-03 5.373570231703283118e-05
3.494000000000000661e+00 3.498000000000000220e+00 3.496000000000000441e+00 2.964156817574146747e-03 6.357603663799523894e-05
3.498000000000000220e+00 3.501999999999999780e+00 3.500000000000000000e+00 3.004051234782333536e-03 5.598165971472846854e-05
3.501999999999999780e+00 3.505999999999999339e+00 3.503999999999999559e+00 3.005290438471835100e-03 5.349050237595188501e-05
3.506000000000000227e+00 3.509999999999999787e+00 3.508000000000000007e+00 2.967187289153005395e-03 5.420010657919095080e-05
3.509999999999999787e+00 3.513999999999999346e+00 3.511999999999999567e+00 2.998634165704844399e-03 5.466714238623977199e-05
3.514000000000000234e+00 3.517999999999999794e+00 3.516000000000000014e+00 3.010655298508533532e-03 5.528655952549645683e-05
3.517999999999999794e+00 3.521999999999999353e+00 3.519999999999999574e+00 3.034751653331451901e-03 5.683719351505820354e-05
3.522000000000000242e+00 3.525999999999999801e+00 3.524000000000000021e+00 3.002166254502254463e-03 5.656862632705475925e-05
3.525999999999999801e+00 3.529999999999999361e+00 3.527999999999999581e+00 3.026400683434243930e-03 5.659789986815680335e-05
3.530000000000000249e+00 3.533999999999999808e+00 3.532000000000000028e+00 3.065411283777071377e-03 5.482672590449231133e-05
3.533999999999999808e+00 3.537999999999999368e+00 3.535999999999999588e+00 2.990502042305530524e-03 6.175227097153724231e-05
3.538000000000000256e+00 3.541999999999999815e+00 3.540000000000000036e+00 2.924910772173869300e-03 5.414268445308703968e-05
3.541999999999999815e+00 3.545999999999999375e+00 3.543999999999999595e+00 3.055442363238188453e-03 5.312942815628843757e-05
3.546000000000000263e+00 3.549999999999999822e+00 3.548000000000000043e+00 3.068467369552820706e-03 5.433236143733351399e-05
3.549999999999999822e+00 3.553999999999999382e+00 3.551999999999999602e+00 2.947579053329978105e-03 5.582258614172614042e-05
3.554000000000000270e+00 3.557999999999999829e+00 3.556000000000000050e+00 2.963181435677358835e-03 5.447559693584389748e-05
3.557999999999999829e+00 3.561999999999999389e+00 3.559999999999999609e+00 2.946298405017931492e-03 5.436173567589700184e-05
3.562000000000000277e+00 3.565999999999999837e+00 3.564000000000000057e+00 3.012812458362613185e-03 5.701738858829372424e-05
3.565999999999999837e+00 3.569999999999999396e+00 3.567999999999999616e+00 2.977498620821316094e-03 5.544614300500110129e-05
3.570000000000000284e+00 3.573999999999999844e+00 3.572000000000000064e+00 3.000008250153624132e-03 5.414995849696681372e-05
3.573999999999999844e+00 3.577999999999999403e+00 3.575999999999999623e+00 3.024192492787656367e-03 5.478711110921956502e-05
3.578000000000000291e+00 3.581999999999999851e+00 3.580000000000000071e+00 2.881346164633891063e-03 5.639057079726558037e-05
3.581999999999999851e+00 3.585999999999999410e+00 3.583999999999999631e+00 3.053126770811479072e-03 5.578030209469025095e-05
3.586000000000000298e+00 3.589999999999999858e+00 3.588000000000000078e+00 3.071845715384498299e-03 5.746055611369968859e-05
3.589999999999999858e+00 3.593999999999999417e+00 3.591999999999999638e+00 2.886475598496757687e-03 5.658301797049250216e-05
3.594000000000000306e+00 3.597999999999999865e+00 3.596000000000000085e+00 2.798165378535591788e-03 5.427481738649689595e-05
3.597999999999999865e+00 3.601999999999999424e+00 3.599999999999999645e+00 2.933462815996555010e-03 5.429437421425256112e-05
3.602000000000000313e+00 3.605999999999999872e+00 3.604000000000000092e+00 3.007625899201569423e-03 5.524296360138376849e-05
3.605999999999999872e+00 3.609999999999999432e+00 3.607999999999999652e+00 2.968854025171004975e-03 5.621699623782879592e-05
3.610000000000000320e+00 3.613999999999999879e+00 3.612000000000000099e+00 2.991868176911540497e-03 5.621794335286035995e-05
3.613999999999999879e+00 3.617999999999999439e+00 3.615999999999999659e+00 2.943790163169200322e-03 5.591385973899749433e-05
3.618000000000000327e+00 3.621999999999999886e+00 3.620000000000000107e+00 2.951040054437661670e-03 5.709647539199125195e-05
3.621999999999999886e+00 3.625999999999999446e+00 3.623999999999999666e+00 2.949510652878379203e-03 5.513240899929471175e-05
3.626000000000000334e+00 3.629999999999999893e+00 3.628000000000000114e+00 3.047749442043230349e-03 5.700664430238896411e-05
3.629999999999999893e+00 3.633999999999999453e+00 3.631999999999999673e+00 2.972450315104306108e-03 5.730661090721143148e-05
3.634000000000000341e+00 3.637999999999999901e+00 3.636000000000000121e+00 2.951170327700611794e-03 5.578699454227128898e-05
3.637999999999999901e+00 3.641999999999999460e+00 3.639999999999999680e+00 2.920282807728294579e-03 5.520079491867885507e-05
3.642000000000000348e+00 3.645999999999999908e+00 3.644000000000000128e+00 2.900339006266727197e-03 5.637135554923022098e-05
3.645999999999999908e+00 3.649999999999999467e+00 3.647999999999999687e+00 2.937631297279418106e-03 5.649415489108986112e-05
3.650000000000000355e+00 3.653999999999999915e+00 3.652000000000000135e+00 3.058239744376585901e-03 6.208863239674608677e-05
3.653999999999999915e+00 3.657999999999999474e+00 3.655999999999999694e+00 2.962661916614821051e-03 5.623455510129501218e-05
3.658000000000000362e+00 3.661999999999999922e+00 3.660000000000000142e+00 3.040601739034011920e-03 6.064325004732139208e-05
3.661999999999999922e+00 3.665999999999999481e+00 3.663999999999999702e+00 2.936567594103467547e-03 5.659607780758718756e-05
3.666000000000000369e+00 3.669999999999999929e+00 3.668000000000000149e+00 2.873815166877619412e-03 5.746292022169537973e-05
3.669999999999999929e+00 3.673999999999999488e+00 3.671999999999999709e+00 2.843049689224105576e-03 5.670490901653134325e-05
3.674000000000000377e+00 3.677999999999999936e+00 3.676000000000000156e+00 2.876150124763041539e-03 5.504741040004702520e-05
3.677999999999999936e+00 3.681999999999999496e+00 3.679999999999999716e+00 3.068606290727125298e-03 6.170378629481785941e-05
3.682000000000000384e+00 3.685999999999999943e+00 3.684000000000000163e+00 3.054998401477491184e-03 5.893792327020707435e-05
3.685999999999999943e+00 3.689999999999999503e+00 3.687999999999999723e+00 2.966770397228514055e-03 5.608000453597018319e-05
3.690000000000000391e+00 3.693999999999999950e+00 3.692000000000000171e+00 2.918311414475098162e-03 5.739324242421231411e-05
3.693999999999999950e+00 3.697999999999999510e+00 3.695999999999999730e+00 3.031483669760780871e-03 5.791564241390582078e-05
3.698000000000000398e+00 3.701999999999999957e+00 3.700000000000000178e+00 2.906987709188669795e-03 5.805721007056132522e-05
3.701999999999999957e+00 3.705999999999999517e+00 3.703999999999999737e+00 3.022222186625831298e-03 5.674053609221409351e-05
3.706000000000000405e+00 3.709999999999999964e+00 3.708000000000000185e+00 3.123947108509206576e-03 5.913726725842162425e-05
3.830000000000000071e+00 3.833999999999999631e+00 3.831999999999999851e+00 2.849795196833968414e-03 5.877758930618374290e-05
3.834000000000000519e+00 3.838000000000000078e+00 3.836000000000000298e+00 2.894703566119584577e-03 5.930526091880942155e-05
3.838000000000000078e+00 3.841999999999999638e+00 3.839999999999999858e+00 2.943238676861000339e-03 6.023259170978820422e-05
3.842000000000000526e+00 3.846000000000000085e+00 3.844000000000000306e+00 2.898484314009268457e-03 5.691453937666217394e-05
3.846000000000000085e+00 3.849999999999999645e+00 3.847999999999999865e+00 2.833127908948635931e-03 5.867934361029666771e-05
3.850000000000000533e+00 3.854000000000000092e+00 3.852000000000000313e+00 3.029422622531020588e-03 5.957439809339097072e-05
3.854000000000000092e+00 3.857999999999999652e+00 3.855999999999999872e+00 2.895392651308217099e-03 6.084916179335537849e-05
3.858000000000000540e+00 3.862000000000000099e+00 3.860000000000000320e+00 2.961911578220386299e-03 5.892118362341648068e-05
3.862000000000000099e+00 3.865999999999999659e+00 3.863999999999999879e+00 2.879500868084025351e-03 6.244239237478517923e-05
3.866000000000000547e+00 3.870000000000000107e+00 3.868000000000000327e+00 2.900718067160685913e-03 6.124168198189400422e-05
3.870000000000000107e+00 3.873999999999999666e+00 3.871999999999999886e+00 3.063066453393862524e-03 6.155874942698057889e-05
3.874000000000000554e+00 3.878000000000000114e+00 3.876000000000000334e+00 3.008740840265740867e-03 6.415739963764245277e-05
3.878000000000000114e+00 3.881999999999999673e+00 3.879999999999999893e+00 2.949377881637930618e-03 6.007481478178309348e-05
3.882000000000000561e+00 3.886000000000000121e+00 3.884000000000000341e+00 2.922325819568379231e-03 5.966720217426001611e-05
3.886000000000000121e+00 3.889999999999999680e+00 3.887999999999999901e+00 2.930562779765032762e-03 6.298173365770957477e-05
3.890000000000000568e+00 3.894000000000000128e+00 3.892000000000000348e+00 3.049987709624938769e-03 6.087458548814973655e-05
3.894000000000000128e+00 3.897999999999999687e+00 3.895999999999999908e+00 2.870148921419971022e-03 6.246645583115208839e-05
3.898000000000000576e+00 3.902000000000000135e+00 3.900000000000000355e+00 3.005038837195050071e-03 6.117032642462846923e-05
3.902000000000000135e+00 3.905999999999999694e+00 3.903999999999999915e+00 2.963196046119276773e-03 6.304345741476665322e-05
3.906000000000000583e+00 3.910000000000000142e+00 3.908000000000000362e+00 2.937022312270844669e-03 6.026477097103313346e-05
3.910000000000000142e+00 3.913999999999999702e+00 3.911999999999999922e+00 2.840517618879154389e-03 6.224687845997766593e-05
3.914000000000000590e+00 3.918000000000000149e+00 3.916000000000000369e+00 2.862388843198030927e-03 5.965413383270017290e-05
3.918000000000000149e+00 3.921999999999999709e+00 3.919999999999999929e+00 2.900186972238128456e-03 6.224981739560030874e-05
3.922000000000000597e+00 3.926000000000000156e+00 3.924000000000000377e+00 2.985838723822440127e-03 6.099041294658444243e-05
3.926000000000000156e+00 3.929999999999999716e+00 3.927999999999999936e+00 2.914330294239938970e-03 6.308494204157145339e-05
3.930000000000000604e+00 3.934000000000000163e+00 3.932000000000000384e+00 3.004894739698669645e-03 6.405684262957087993e-05
3.934000000000000163e+00 3.937999999999999723e+00 3.935999999999999943e+00 2.912688200853476295e-03 6.099451224790888442e-05
3.938000000000000611e+00 3.942000000000000171e+00 3.940000000000000391e+00 2.972396708487702079e-03 6.223729422025165792e-05
3.942000000000000171e+00 3.945999999999999730e+00 3.943999999999999950e+00 2.978677201287683891e-03 6.137934389218883740e-05
3.946000000000000618e+00 3.950000000000000178e+00 3.948000000000000398e+00 2.993908750158609262e-03 6.197975994968648315e-05
3.950000000000000178e+00 3.953999999999999737e+00 3.951999999999999957e+00 2.974557830392340462e-03 6.244504784256580852e-05
3.954000000000000625e+00 3.958000000000000185e+00 3.956000000000000405e+00 2.882731783029215608e-03 6.223840803541320628e-05
3.958000000000000185e+00 3.961999999999999744e+00 3.959999999999999964e+00 2.942969419310780248e-03 6.297236575146864163e-05
3.962000000000000632e+00 3.966000000000000192e+00 3.964000000000000412e+00 2.797835683468221507e-03 6.311492030223402972e-05
3.966000000000000192e+00 3.969999999999999751e+00 3.967999999999999972e+00 2.784076375237925713e-03 6.329140609954269356e-05
3.970000000000000639e+00 3.974000000000000199e+00 3.972000000000000419e+00 2.899564209048587343e-03 6.221910857790885236e-05
3.974000000000000199e+00 3.977999999999999758e+00 3.975999999999999979e+00 2.921760359472638097e-03 6.403470375388352809e-05
3.978000000000000647e+00 3.982000000000000206e+00 3.980000000000000426e+00 3.084894159770999733e-03 6.838554562530556043e-05
3.982000000000000206e+00 3.985999999999999766e+00 3.983999999999999986e+00 2.995126021579919140e-03 6.506214339589080507e-05
3.986000000000000654e+00 3.990000000000000213e+00 3.988000000000000433e+00 2.823600851182730097e-03 6.401976400001988974e-05
3.990000000000000213e+00 3.993999999999999773e+00 3.991999999999999993e+00 2.880774605786898951e-03 6.658732005445048977e-05
3.994000000000000661e+00 3.998000000000000220e+00 3.996000000000000441e+00 3.058130601349318481e-03 6.601492914583819902e-05
3.998000000000000220e+00 4.001999999999999780e+00 4.000000000000000000e+00 2.911620968225208089e-03 6.435784864947014948e-05
4.001999999999999780e+00 4.005999999999999339e+00 4.003999999999999559e+00 2.699320001903206603e-03 6.392627707448301068e-05
4.006000000000000227e+00 4.009999999999999787e+00 4.008000000000000007e+00 2.871072870666350769e-03 6.471331943956066125e-05
4.010000000000000675e+00 4.014000000000000234e+00 4.012000000000000455e+00 2.852590381232391475e-03 6.516711746248611634e-05
4.014000000000000234e+00 4.017999999999999794e+00 4.016000000000000014e+00 2.983161792056124913e-03 6.536355076382368515e-05
4.017999999999999794e+00 4.021999999999999353e+00 4.019999999999999574e+00 2.930830634420187111e-03 6.411237497911266006e-05
4.022000000000000242e+00 4.025999999999999801e+00 4.024000000000000021e+00 2.964163591384762035e-03 6.584427485046626788e-05
4.026000000000000689e+00 4.030000000000000249e+00 4.028000000000000469e+00 2.864942077349592539e-03 6.442163352272607180e-05
4.030000000000000249e+00 4.033999999999999808e+00 4.032000000000000028e+00 2.982005846451535845e-03 6.438293495399804610e-05
4.033999999999999808e+00 4.037999999999999368e+00 4.035999999999999588e+00 3.032069537279666153e-03 6.592338320873666012e-05
4.038000000000000256e+00 4.041999999999999815e+00 4.040000000000000036e+00 2.963934496083959168e-03 6.707146957777943366e-05
4.042000000000000703e+00 4.046000000000000263e+00 4.044000000000000483e+00 2.839708327268288240e-03 6.867530283229507718e-05
4.046000000000000263e+00 4.049999999999999822e+00 4.048000000000000043e+00 2.862417860717733110e-03 6.503327183651472275e-05
4.049999999999999822e+00 4.053999999999999382e+00 4.051999999999999602e+00 3.007069325335775915e-03 6.530166900673067332e-05
4.054000000000000270e+00 4.057999999999999829e+00 4.056000000000000050e+00 2.903731802100809490e-03 6.604840182769556331e-05
4.058000000000000718e+00 4.062000000000000277e+00 4.060000000000000497e+00 2.842513118946686772e-03 6.844556072468956629e-05
4.062000000000000277e+00 4.065999999999999837e+00 4.064000000000000057e+00 2.986717209161702993e-03 6.644528752674326425e-05
4.065999999999999837e+00 4.069999999999999396e+00 4.067999999999999616e+00 2.857863607236314600e-03 7.198644617379219228e-05
4.070000000000000284e+00 4.073999999999999844e+00 4.072000000000000064e+00 2.972375119896593278e-03 6.781583527012623148e-05
4.074000000000000732e+00 4.078000000000000291e+00 4.076000000000000512e+00 2.968013826748125070e-03 6.780914495516793261e-05
4.078000000000000291e+00 4.081999999999999851e+00 4.080000000000000071e+00 2.953113102657801362e-03 6.778208802155722898e-05
4.081999999999999851e+00 4.085999999999999410e+00 4.083999999999999631e+00 2.924658252673694152e-03 6.917549489011795463e-05
4.086000000000000298e+00 4.089999999999999858e+00 4.088000000000000078e+00 2.876739360701119699e-03 6.916764716762670913e-05
4.090000000000000746e+00 4.094000000000000306e+00 4.092000000000000526e+00 2.935087389237918225e-03 6.795934982094528696e-05
4.094000000000000306e+00 4.097999999999999865e+00 4.096000000000000085e+00 2.970863128400146221e-03 6.922443530179520641e-05
4.097999999999999865e+00 4.101999999999999424e+00 4.099999999999999645e+00 2.891108546199667832e-03 6.919987944251372570e-05
4.102000000000000313e+00 4.105999999999999872e+00 4.104000000000000092e+00 2.861380817182359280e-03 6.902554566793505557e-05
4.106000000000000760e+00 4.110000000000000320e+00 4.108000000000000540e+00 2.844501547532892003e-03 6.758481370269569990e-05
4.110000000000000320e+00 4.113999999999999879e+00 4.112000000000000099e+00 2.872769549909880930e-03 6.915092800486746349e-05
4.113999999999999879e+00 4.117999999999999439e+00 4.115999999999999659e+00 2.932646438763539948e-03 6.846620030619963743e-05
4.118000000000000327e+00 4.121999999999999886e+00 4.120000000000000107e+00 2.862946071190717277e-03 7.095059024819500969e-05
4.122000000000000774e+00 4.126000000000000334e+00 4.124000000000000554e+00 2.861867254787052277e-03 6.978745754801179524e-05
4.126000000000000334e+00 4.129999999999999893e+00 4.128000000000000114e+00 2.939045142382551434e-03 7.117141501030059352e-05
4.129999999999999893e+00 4.133999999999999453e+00 4.131999999999999673e+00 3.001612011534480259e-03 6.922416826249202008e-05
4.134000000000000341e+00 4.137999999999999901e+00 4.136000000000000121e+00 2.815769274250605816e-03 7.036029608643339030e-05
4.138000000000000789e+00 4.142000000000000348e+00 4.140000000000000568e+00 2.948846736026139101e-03 6.922232360499808613e-05
4.142000000000000348e+00 4.145999999999999908e+00 4.144000000000000128e+00 2.930560137653733920e-03 7.020873145741959311e-05
4.145999999999999908e+00 4.149999999999999467e+00 4.147999999999999687e+00 2.956674585631947298e-03 7.044655942815623406e-05
4.150000000000000355e+00 4.153999999999999915e+00 4.152000000000000135e+00 2.898333185155556151e-03 7.070857295487506045e-05
4.154000000000000803e+00 4.158000000000000362e+00 4.156000000000000583e+00 2.875349699253199748e-03 7.206802296703704682e-05
4.158000000000000362e+00 4.161999999999999922e+00 4.160000000000000142e+00 2.908095552741107523e-03 7.340010730803757301e-05
4.161999999999999922e+00 4.165999999999999481e+00 4.163999999999999702e+00 2.935799612001977962e-03 7.125083651390774102e-05
4.166000000000000369e+00 4.169999999999999929e+00 4.168000000000000149e+00 3.033967429760839156e-03 7.355797333141714700e-05
4.170000000000000817e+00 4.174000000000000377e+00 4.172000000000000597e+00 2.958372136797016334e-03 7.150350323356169727e-05
4.174000000000000377e+00 4.177999999999999936e+00 4.176000000000000156e+00 2.893345611057307042e-03 7.140537900597952574e-05
4.177999999999999936e+00 4.181999999999999496e+00 4.179999999999999716e+00 2.914372858915140543e-03 7.137732742410833858e-05
4.182000000000000384e+00 4.185999999999999943e+00 4.184000000000000163e+00 3.025022314884972304e-03 7.203629537367267730e-05
4.186000000000000831e+00 4.190000000000000391e+00 4.188000000000000611e+00 2.900735291335674974e-03 7.210522722156666414e-05
4.190000000000000391e+00 4.193999999999999950e+00 4.192000000000000171e+00 2.924823543012458789e-03 7.447221241402296335e-05
4.193999999999999950e+00 4.197999999999999510e+00 4.195999999999999730e+00 3.057669626755443390e-03 7.376859732834179395e-05
4.198000000000000398e+00 4.201999999999999957e+00 4.200000000000000178e+00 3.070528727700963176e-03 7.283372645953019840e-05
4.202000000000000846e+00 4.206000000000000405e+00 4.204000000000000625e+00 2.937836123540315224e-03 7.604339647757596638e-05
4.206000000000000405e+00 4.209999999999999964e+00 4.208000000000000185e+00 3.033385707486479111e-03 7.386504110357082205e-05
4.209999999999999964e+00 4.213999999999999524e+00 4.211999999999999744e+00 2.999426077856422613e-03 7.647741748105044168e-05
4.214000000000000412e+00 4.217999999999999972e+00 4.216000000000000192e+00 2.843296257202088118e-03 7.280868083405600099e-05
4.218000000000000860e+00 4.222000000000000419e+00 4.220000000000000639e+00 2.978396430486660550e-03 7.350643521894033815e-05
4.222000000000000419e+00 4.225999999999999979e+00 4.224000000000000199e+00 2.888020742370250166e-03 7.455929140538087977e-05
4.225999999999999979e+00 4.229999999999999538e+00 4.227999999999999758e+00 2.962047828716684889e-03 7.499072843870063364e-05
4.230000000000000426e+00 4.233999999999999986e+00 4.232000000000000206e+00 3.047715657892058859e-03 7.476118470962170054e-05
4.234000000000000874e+00 4.238000000000000433e+00 4.236000000000000654e+00 2.864096834304533448e-03 7.322252488364618833e-05
4.238000000000000433e+00 4.241999999999999993e+00 4.240000000000000213e+00 2.859736995085520369e-03 7.383045728262397408e-05
4.241999999999999993e+00 4.245999999999999552e+00 4.243999999999999773e+00 3.024252076891973100e-03 7.599448001918049616e-05
4.246000000000000441e+00 4.250000000000000000e+00 4.248000000000000220e+00 2.889754773596420884e-03 7.318185443713519703e-05
4.250000000000000000e+00 4.253999999999999559e+00 4.251999999999999780e+00 2.945219955362411799e-03 7.438037973418192722e-05
4.254000000000000448e+00 4.258000000000000007e+00 4.256000000000000227e+00 2.941127578461407224e-03 7.586311110507051251e-05
4.258000000000000007e+00 4.261999999999999567e+00 4.259999999999999787e+00 3.032467501397669539e-03 7.707910475571279677e-05
4.261999999999999567e+00 4.265999999999999126e+00 4.263999999999999346e+00 2.997906905349100645e-03 7.645719594796544414e-05
4.266000000000000014e+00 4.269999999999999574e+00 4.267999999999999794e+00 3.012901999914492906e-03 7.465042504380012224e-05
4.270000000000000462e+00 4.274000000000000021e+00 4.272000000000000242e+00 3.027180876482298607e-03 7.854092054100728906e-05
4.274000000000000021e+00 4.277999999999999581e+00 4.275999999999999801e+00 3.055310890670431823e-03 7.579368717121462212e-05
4.277999999999999581e+00 4.281999999999999140e+00 4.279999999999999361e+00 2.818746102699447916e-03 7.420420651885297262e-05
4.282000000000000028e+00 4.285999999999999588e+00 4.283999999999999808e+00 2.920814485326063935e-03 7.359261050462956647e-05
4.286000000000000476e+00 4.290000000000000036e+00 4.288000000000000256e+00 2.908173626943303704e-03 7.645345842512664349e-05
4.290000000000000036e+00 4.293999999999999595e+00 4.291999999999999815e+00 2.934764788139347484e-03 7.751454032859488583e-05
4.293999999999999595e+00 4.297999999999999154e+00 4.295999999999999375e+00 3.090737432243988517e-03 1.185751288085973830e-04
4.298000000000000043e+00 4.301999999999999602e+00 4.299999999999999822e+00 2.928270631199405422e-03 7.964391393148291184e-05
4.302000000000000490e+00 4.306000000000000050e+00 4.304000000000000270e+00 3.034123530115942578e-03 7.906260874227756996e-05
4.306000000000000050e+00 4.309999999999999609e+00 4.307999999999999829e+00 2.950937969542952264e-03 7.905815284449757108e-05
4.309999999999999609e+00 4.313999999999999169e+00 4.311999999999999389e+00 3.049250161763448000e-03 8.013410957925623426e-05
4.314000000000000057e+00 4.317999999999999616e+00 4.315999999999999837e+00 2.953934584924735457e-03 8.001005789309132321e-05
4.318000000000000504e+00 4.322000000000000064e+00 4.320000000000000284e+00 2.979009125329112450e-03 7.915274844175201885e-05
4.322000000000000064e+00 4.325999999999999623e+00 4.323999999999999844e+00 2.894964601573632793e-03 8.276675546829854178e-05
4.325999999999999623e+00 4.329999999999999183e+00 4.327999999999999403e+00 2.962513754940799930e-03 7.996895815839506424e-05
4.330000000000000071e+00 4.333999999999999631e+00 4.331999999999999851e+00 2.929515197116762740e-03 7.919910729865806197e-05
4.334000000000000519e+00 4.338000000000000078e+00 4.336000000000000298e+00 3.105770455360840933e-03 8.075981432604683772e-05
4.338000000000000078e+00 4.341999999999999638e+00 4.339999999999999858e+00 3.048722954125455097e-03 8.142354819847158508e-05
4.341999999999999638e+00 4.345999999999999197e+00 4.343999999999999417e+00 2.918751977152211820e-03 8.140701155887201175e-05
4.346000000000000085e+00 4.349999999999999645e+00 4.347999999999999865e+00 3.006909784441841663e-03 8.049265255672802862e-05
4.350000000000000533e+00 4.354000000000000092e+00 4.352000000000000313e+00 2.991489274703669488e-03 8.580661144458863010e-05
4.354000000000000092e+00 4.357999999999999652e+00 4.355999999999999872e+00 3.002181241044869862e-03 8.475999337332342464e-05
4.357999999999999652e+00 4.361999999999999211e+00 4.359999999999999432e+00 2.848454657544617109e-03 8.500804790579350508e-05
4.362000000000000099e+00 4.365999999999999659e+00 4.363999999999999879e+00 2.973140907724323208e-03 8.440039102810344314e-05
4.366000000000000547e+00 4.370000000000000107e+00 4.368000000000000327e+00 2.914013155406720932e-03 8.389572654052653488e-05
4.370000000000000107e+00 4.373999999999999666e+00 4.371999999999999886e+00 3.111973329427922090e-03 8.470449632314837275e-05
4.373999999999999666e+00 4.377999999999999226e+00 4.375999999999999446e+00 2.926559500387726064e-03 8.585761464156563196e-05
4.378000000000000114e+00 4.381999999999999673e+00 4.379999999999999893e+00 3.041571963138163699e-03 8.479533455895056117e-05
4.382000000000000561e+00 4.386000000000000121e+00 4.384000000000000341e+00 2.847235054531251953e-03 8.442746673546272084e-05
4.386000000000000121e+00 4.389999999999999680e+00 4.387999999999999901e+00 2.875945299580973721e-03 8.609385260981264375e-05
4.389999999999999680e+00 4.393999999999999240e+00 4.391999999999999460e+00 2.867379973404716835e-03 8.458232260123036762e-05
4.394000000000000128e+00 4.397999999999999687e+00 4.395999999999999908e+00 3.035610687399822177e-03 8.521388038428522049e-05
4.398000000000000576e+00 4.402000000000000135e+00 4.400000000000000355e+00 2.889010676310664171e-03 8.560042133033901948e-05
4.402000000000000135e+00 4.405999999999999694e+00 4.403999999999999915e+00 2.955832199999786514e-03 9.186507843101327311e-05
4.405999999999999694e+00 4.409999999999999254e+00 4.407999999999999474e+00 2.792224476717211981e-03 9.092758191005592683e-05
4.410000000000000142e+00 4.413999999999999702e+00 4.411999999999999922e+00 2.693118669845763046e-03 8.558860366958480044e-05
4.414000000000000590e+00 4.418000000000000149e+00 4.416000000000000369e+00 2.856202706295355494e-03 8.653817662248155032e-05
4.418000000000000149e+00 4.421999999999999709e+00 4.419999999999999929e+00 2.855128244568546584e-03 9.043155322895806217e-05
4.421999999999999709e+00 4.425999999999999268e+00 4.423999999999999488e+00 3.062449789715634973e-03 8.652661083796817001e-05
4.426000000000000156e+00 4.429999999999999716e+00 4.427999999999999936e+00 2.909038156691534389e-03 8.988021867975198669e-05
4.430000000000000604e+00 4.434000000000000163e+00 4.432000000000000384e+00 2.961906922848259443e-03 8.865801390532748207e-05
4.434000000000000163e+00 4.437999999999999723e+00 4.435999999999999943e+00 2.719499739597915251e-03 8.652478079118527390e-05
4.437999999999999723e+00 4.441999999999999282e+00 4.439999999999999503e+00 2.883476841033401177e-03 9.005280764927833207e-05
4.442000000000000171e+00 4.445999999999999730e+00 4.443999999999999950e+00 2.830290531577831295e-03 8.845449812036226313e-05
4.446000000000000618e+00 4.450000000000000178e+00 4.448000000000000398e+00 2.947676104196839727e-03 8.940157272908528792e-05
4.450000000000000178e+00 4.453999999999999737e+00 4.451999999999999957e+00 2.802367862786467757e-03 8.991958467967693820e-05
4.453999999999999737e+00 4.457999999999999297e+00 4.455999999999999517e+00 3.089085966156528574e-03 8.876602893513909872e-05
4.458000000000000185e+00 4.461999999999999744e+00 4.459999999999999964e+00 3.147219327785064427e-03 8.965371921749232850e-05
4.462000000000000632e+00 4.466000000000000192e+00 4.464000000000000412e+00 2.999920877467593047e-03 8.987033221481975946e-05
4.466000000000000192e+00 4.469999999999999751e+00 4.467999999999999972e+00 2.847889131212146333e-03 9.104642340330537219e-05
4.469999999999999751e+00 4.473999999999999311e+00 4.471999999999999531e+00 2.987493810954844429e-03 9.271154220524671153e-05
4.474000000000000199e+00 4.477999999999999758e+00 4.475999999999999979e+00 2.878309149080747215e-03 9.406295938200647715e-05
4.478000000000000647e+00 4.482000000000000206e+00 4.480000000000000426e+00 2.953629482544658028e-03 9.605985701271433112e-05
4.482000000000000206e+00 4.485999999999999766e+00 4.483999999999999986e+00 3.047485780385945052e-03 9.057871865954795392e-05
4.485999999999999766e+00 4.489999999999999325e+00 4.487999999999999545e+00 2.781639957431465086e-03 9.275705906917833395e-05
4.490000000000000213e+00 4.493999999999999773e+00 4.491999999999999993e+00 3.070586162837620706e-03 9.267111814631413726e-05
4.494000000000000661e+00 4.498000000000000220e+00 4.496000000000000441e+00 2.889755607133634094e-03 1.012985867460912122e-04
4.498000000000000220e+00 4.501999999999999780e+00 4.500000000000000000e+00 2.885257553097813656e-03 9.224986149690523013e-05
4.501999999999999780e+00 4.505999999999999339e+00 4.503999999999999559e+00 3.007870547961823213e-03 9.176769295278477056e-05
4.506000000000000227e+00 4.509999999999999787e+00 4.508000000000000007e+00 3.010421203604986707e-03 9.366121391783107731e-05
4.510000000000000675e+00 4.514000000000000234e+00 4.512000000000000455e+00 3.111133841256941146e-03 9.321641137557174666e-05
4.514000000000000234e+00 4.517999999999999794e+00 4.516000000000000014e+00 3.072459392067106686e-03 9.351278109628836585e-05
4.517999999999999794e+00 4.521999999999999353e+00 4.519999999999999574e+00 2.854470866499356652e-03 9.400894973322611661e-05
4.522000000000000242e+00 4.525999999999999801e+00 4.524000000000000021e+00 2.866665905567821696e-03 9.528772201689621950e-05
4.526000000000000689e+00 4.530000000000000249e+00 4.528000000000000469e+00 2.852284751553695649e-03 9.560910924693642016e-05
4.530000000000000249e+00 4.533999999999999808e+00 4.532000000000000028e+00 3.003961145003205060e-03 9.699485062902233863e-05
4.533999999999999808e+00 4.537999999999999368e+00 4.535999999999999588e+00 2.984446225129181764e-03 9.618115174483907192e-05
4.538000000000000256e+00 4.541999999999999815e+00 4.540000000000000036e+00 2.878312707118865256e-03 9.798361107085666241e-05
4.542000000000000703e+00 4.546000000000000263e+00 4.544000000000000483e+00 2.805217648477161766e-03 9.362771769785285195e-05
4.546000000000000263e+00 4.549999999999999822e+00 4.548000000000000043e+00 2.985673556872243083e-03 9.368080627191413968e-05
4.549999999999999822e+00 4.553999999999999382e+00 4.551999999999999602e+00 2.753764873260511337e-03 9.779055495219767739e-05
4.554000000000000270e+00 4.557999999999999829e+00 4.556000000000000050e+00 3.076466577253613322e-03 9.598507030522538319e-05
4.558000000000000718e+00 4.562000000000000277e+00 4.560000000000000497e+00 3.020536076542458884e-03 1.033101921765995293e-04
4.562000000000000277e+00 4.565999999999999837e+00 4.564000000000000057e+00 3.015934464665645433e-03 1.032724132150653241e-04
4.565999999999999837e+00 4.569999999999999396e+00 4.567999999999999616e+00 2.964367580777972893e-03 9.390830348280703669e-05
4.570000000000000284e+00 4.573999999999999844e+00 4.572000000000000064e+00 2.887872975546442334e-03 9.614409417297068404e-05
4.574000000000000732e+00 4.578000000000000291e+00 4.576000000000000512e+00 2.903982768041315707e-03 9.608153630331094151e-05
4.578000000000000291e+00 4.581999999999999851e+00 4.580000000000000071e+00 2.872838176915149151e-03 1.003683811910534659e-04
4.581999999999999851e+00 4.585999999999999410e+00 4.583999999999999631e+00 2.856741211322938630e-03 9.626581953495532090e-05
4.586000000000000298e+00 4.589999999999999858e+00 4.588000000000000078e+00 3.045259477716013696e-03 9.889815266513606745e-05
4.590000000000000746e+00 4.594000000000000306e+00 4.592000000000000526e+00 2.956584759572083998e-03 9.941350051601385331e-05
4.594000000000000306e+00 4.597999999999999865e+00 4.596000000000000085e+00 2.912744153307029928e-03 1.000320101673085171e-04
4.597999999999999865e+00 4.601999999999999424e+00 4.599999999999999645e+00 2.924061078205161899e-03 9.829479965647778498e-05
4.602000000000000313e+00 4.605999999999999872e+00 4.604000000000000092e+00 2.923024468695605092e-03 1.006007005013589240e-04
4.606000000000000760e+00 4.610000000000000320e+00 4.608000000000000540e+00 2.851834135128784170e-03 1.014658408273289242e-04
4.610000000000000320e+00 4.613999999999999879e+00 4.612000000000000099e+00 2.904158102175661595e-03 9.735792454600783669e-05
4.613999999999999879e+00 4.617999999999999439e+00 4.615999999999999659e+00 2.867474015264747864e-03 1.001834852585460460e-04
4.618000000000000327e+00 4.621999999999999886e+00 4.620000000000000107e+00 3.031425592478933454e-03 9.959631965889910899e-05
4.622000000000000774e+00 4.626000000000000334e+00 4.624000000000000554e+00 2.862342084124530617e-03 9.707553415020755993e-05
4.626000000000000334e+00 4.629999999999999893e+00 4.628000000000000114e+00 2.919827581131714204e-03 9.973307900411117080e-05
4.629999999999999893e+00 4.633999999999999453e+00 4.631999999999999673e+00 2.925178044327916404e-03 1.008159103340032368e-04
4.634000000000000341e+00 4.637999999999999901e+00 4.636000000000000121e+00 2.907704902385536624e-03 1.003860758369284499e-04
4.638000000000000789e+00 4.642000000000000348e+00 4.640000000000000568e+00 2.877837434099198705e-03 1.018649680658137218e-04
4.642000000000000348e+00 4.645999999999999908e+00 4.644000000000000128e+00 2.820080669762241310e-03 1.007969301685928678e-04
4.645999999999999908e+00 4.649999999999999467e+00 4.647999999999999687e+00 2.833785018136632076e-03 1.008969896100340329e-04
4.650000000000000355e+00 4.653999999999999915e+00 4.652000000000000135e+00 2.870779734175436110e-03 9.746255710178970428e-05
4.654000000000000803e+00 4.658000000000000362e+00 4.656000000000000583e+00 2.847171872491140437e-03 1.028477170482956039e-04
4.658000000000000362e+00 4.661999999999999922e+00 4.660000000000000142e+00 2.965126069110999695e-03 1.019033833504012987e-04
4.661999999999999922e+00 4.665999999999999481e+00 4.663999999999999702e+00 2.792602377130255775e-03 9.713940738952817836e-05
4.666000000000000369e+00 4.669999999999999929e+00 4.668000000000000149e+00 2.911230776712783394e-03 1.034882121407292141e-04
4.670000000000000817e+00 4.674000000000000377e+00 4.672000000000000597e+00 2.966576089243872123e-03 1.001758784527204051e-04
4.674000000000000377e+00 4.677999999999999936e+00 4.676000000000000156e+00 3.067613606294131937e-03 9.783107006847987326e-05
4.677999999999999936e+00 4.681999999999999496e+00 4.679999999999999716e+00 2.928319473882784116e-03 1.028751403506738388e-04
4.682000000000000384e+00 4.685999999999999943e+00 4.684000000000000163e+00 3.051593548750457848e-03 1.024793107474480025e-04
4.686000000000000831e+00 4.690000000000000391e+00 4.688000000000000611e+00 2.977717743038407229e-03 1.010239325688853940e-04
4.690000000000000391e+00 4.693999999999999950e+00 4.692000000000000171e+00 2.879924996955720955e-03 1.049842377734340086e-04
4.693999999999999950e+00 4.697999999999999510e+00 4.695999999999999730e+00 3.055838270525775783e-03 1.030818637180537007e-04
4.698000000000000398e+00 4.701999999999999957e+00 4.700000000000000178e+00 2.940283373662518594e-03 1.056296413753635193e-04
4.702000000000000846e+00 4.706000000000000405e+00 4.704000000000000625e+00 2.877490889967809860e-03 1.038439327251648329e-04
4.706000000000000405e+00 4.709999999999999964e+00 4.708000000000000185e+00 2.768835823592121024e-03 1.059665960564038141e-04
4.709999999999999964e+00 4.713999999999999524e+00 4.711999999999999744e+00 2.963135527809326614e-03 1.046497261072282383e-04
4.714000000000000412e+00 4.717999999999999972e+00 4.716000000000000192e+00 2.926625938403513288e-03 1.046042002465146046e-04
4.718000000000000860e+00 4.722000000000000419e+00 4.720000000000000639e+00 2.944429585568604599e-03 1.046888231572902262e-04
4.722000000000000419e+00 4.725999999999999979e+00 4.724000000000000199e+00 2.987172780894684163e-03 1.056351099402140650e-04
4.725999999999999979e+00 4.729999999999999538e+00 4.727999999999999758e+00 2.863584107819417204e-03 1.059633398486565018e-04
4.730000000000000426e+00 4.733999999999999986e+00 4.732000000000000206e+00 2.772248714891735379e-03 1.026360860283003938e-04
4.734000000000000874e+00 4.738000000000000433e+00 4.736000000000000654e+00 2.825882142751648222e-03 1.053938502553970394e-04
4.738000000000000433e+00 4.741999999999999993e+00 4.740000000000000213e+00 2.658100417590895069e-03 1.055542398284721716e-04
4.741999999999999993e+00 4.745999999999999552e+00 4.743999999999999773e+00 2.718304827084536222e-03 1.031601537877581035e-04
4.746000000000000441e+00 4.750000000000000000e+00 4.748000000000000220e+00 2.833237320071659883e-03 1.054438626067412312e-04
4.750000000000000000e+00 4.753999999999999559e+00 4.751999999999999780e+00 2.811327366133195560e-03 1.085019496706302175e-04
4.754000000000000448e+00 4.758000000000000007e+00 4.756000000000000227e+00 2.961144736741811410e-03 1.050033655740281594e-04
4.758000000000000007e+00 4.761999999999999567e+00 4.759999999999999787e+00 2.809058278826329341e-03 1.056433375582610111e-04
4.761999999999999567e+00 4.765999999999999126e+00 4.763999999999999346e+00 2.926971262426194924e-03 1.106301932989845556e-04
4.766000000000000014e+00 4.769999999999999574e+00 4.767999999999999794e+00 2.820244960798731770e-03 1.091867360255256643e-04
4.770000000000000462e+00 4.774000000000000021e+00 4.772000000000000242e+00 2.935693945196986721e-03 1.088592610161150218e-04
4.774000000000000021e+00 4.777999999999999581e+00 4.775999999999999801e+00 2.885481710802952158e-03 1.090150056235770018e-04
4.777999999999999581e+00 4.781999999999999140e+00 4.779999999999999361e+00 2.869316031590357727e-03 1.127243899764489608e-04
4.782000000000000028e+00 4.785999999999999588e+00 4.783999999999999808e+00 2.948791676850486768e-03 1.112449496110794346e-04
4.786000000000000476e+00 4.790000000000000036e+00 4.788000000000000256e+00 2.645473600211604558e-03 1.084097208567860450e-04
4.790000000000000036e+00 4.793999999999999595e+00 4.791999999999999815e+00 2.840055935320595030e-03 1.094509524619698127e-04
4.793999999999999595e+00 4.797999999999999154e+00 4.795999999999999375e+00 2.934439677967599219e-03 1.105125916282376404e-04
4.798000000000000043e+00 4.801999999999999602e+00 4.799999999999999822e+00 3.100550573785164875e-03 1.061334381634617666e-04
4.802000000000000490e+00 4.806000000000000050e+00 4.804000000000000270e+00 2.992605063332654837e-03 1.101710075102086545e-04
4.806000000000000050e+00 4.809999999999999609e+00 4.807999999999999829e+00 2.985409324892782882e-03 1.059095931247289429e-04
4.809999999999999609e+00 4.813999999999999169e+00 4.811999999999999389e+00 2.783911329634261318e-03 1.106354296319951146e-04
4.814000000000000057e+00 4.817999999999999616e+00 4.815999999999999837e+00 3.020583751699155040e-03 1.140858211497935098e-04
4.818000000000000504e+00 4.822000000000000064e+00 4.820000000000000284e+00 2.839188330271310168e-03 1.087706465223241113e-04
4.822000000000000064e+00 4.825999999999999623e+00 4.823999999999999844e+00 2.970684325015283695e-03 1.118976402261425980e-04
4.825999999999999623e+00 4.829999999999999183e+00 4.827999999999999403e+00 2.941674143381439559e-03 1.106179923434468237e-04
4.830000000000000071e+00 4.833999999999999631e+00 4.831999999999999851e+00 2.717018015696139131e-03 1.126796187055114349e-04
4.834000000000000519e+00 4.838000000000000078e+00 4.836000000000000298e+00 2.704078179331414686e-03 1.120739251775639228e-04
4.838000000000000078e+00 4.841999999999999638e+00 4.839999999999999858e+00 2.734747158325097870e-03 1.129888639542346606e-04
4.841999999999999638e+00 4.845999999999999197e+00 4.843999999999999417e+00 2.682203507675019402e-03 1.133727356836182303e-04
4.846000000000000085e+00 4.849999999999999645e+00 4.847999999999999865e+00 2.918506622968291067e-03 1.121607834106399181e-04
4.850000000000000533e+00 4.854000000000000092e+00 4.852000000000000313e+00 2.886689443737501613e-03 1.122439604513227241e-04
4.854000000000000092e+00 4.857999999999999652e+00 4.855999999999999872e+00 2.983437665367438471e-03 1.148591529039303001e-04
4.857999999999999652e+00 4.861999999999999211e+00 4.859999999999999432e+00 3.079612625443085144e-03 1.085748647921014760e-04
4.862000000000000099e+00 4.865999999999999659e+00 4.863999999999999879e+00 2.874146258206055227e-03 1.167532005459285220e-04
4.866000000000000547e+00 4.870000000000000107e+00 4.868000000000000327e+00 2.910353195876806166e-03 1.099312844933893923e-04
4.870000000000000107e+00 4.873999999999999666e+00 4.871999999999999886e+00 2.932939559896177457e-03 1.166670218627897492e-04
4.873999999999999666e+00 4.877999999999999226e+00 4.875999999999999446e+00 2.911230758903652054e-03 1.148238749048187266e-04
4.878000000000000114e+00 4.881999999999999673e+00 4.879999999999999893e+00 2.928068365023591031e-03 1.124248061230140235e-04
4.882000000000000561e+00 4.886000000000000121e+00 4.884000000000000341e+00 2.930128669374863857e-03 1.169391620776936866e-04
4.886000000000000121e+00 4.889999999999999680e+00 4.887999999999999901e+00 2.935296298760204942e-03 1.142105789441853769e-04
4.889999999999999680e+00 4.893999999999999240e+00 4.891999999999999460e+00 2.968405654320698667e-03 1.229997009369489648e-04
4.894000000000000128e+00 4.897999999999999687e+00 4.895999999999999908e+00 2.862050202022218496e-03 1.208456925627862666e-04
4.898000000000000576e+00 4.902000000000000135e+00 4.900000000000000355e+00 3.038647416471037567e-03 1.150495604373341028e-04
4.902000000000000135e+00 4.905999999999999694e+00 4.903999999999999915e+00 2.845989751758302034e-03 1.157625173469530044e-04
4.905999999999999694e+00 4.909999999999999254e+00 4.907999999999999474e+00 2.858459357522898266e-03 1.199216143710431947e-04
4.910000000000000142e+00 4.913999999999999702e+00 4.911999999999999922e+00 2.910500905729951435e-03 1.137918315841824506e-04
4.914000000000000590e+00 4.918000000000000149e+00 4.916000000000000369e+00 2.628413780831756908e-03 1.183436750226041939e-04
4.918000000000000149e+00 4.921999999999999709e+00 4.919999999999999929e+00 3.014503721712931579e-03 1.136520502984680430e-04
4.921999999999999709e+00 4.925999999999999268e+00 4.923999999999999488e+00 2.920885801157486073e-03 1.152645230900593181e-04
4.926000000000000156e+00 4.929999999999999716e+00 4.927999999999999936e+00 2.842313659044601402e-03 1.167090301567225749e-04
4.930000000000000604e+00 4.934000000000000163e+00 4.932000000000000384e+00 2.925272001562051298e-03 1.160676327261601199e-04
4.934000000000000163e+00 4.937999999999999723e+00 4.935999999999999943e+00 2.865012212582165093e-03 1.191228946567058717e-04
4.937999999999999723e+00 4.941999999999999282e+00 4.939999999999999503e+00 3.002005092965447271e-03 1.169965579880558282e-04
4.942000000000000171e+00 4.945999999999999730e+00 4.943999999999999950e+00 2.922597925598166124e-03 1.174976658889903948e-04
4.946000000000000618e+00 4.950000000000000178e+00 4.948000000000000398e+00 2.872595923882813925e-03 1.511730131204729402e-04
4.950000000000000178e+00 4.953999999999999737e+00 4.951999999999999957e+00 3.037186342314162138e-03 1.169725038679975956e-04
4.953999999999999737e+00 4.957999999999999297e+00 4.955999999999999517e+00 2.836510071710171641e-03 1.246876262236742419e-04
4.958000000000000185e+00 4.961999999999999744e+00 4.959999999999999964e+00 2.967446032034502107e-03 1.198392917667963538e-04
4.962000000000000632e+00 4.966000000000000192e+00 4.964000000000000412e+00 2.961005191966346959e-03 1.138155098617850013e-04
4.966000000000000192e+00 4.969999999999999751e+00 4.967999999999999972e+00 3.013611829570949502e-03 1.257170933794978082e-04
4.969999999999999751e+00 4.973999999999999311e+00 4.971999999999999531e+00 2.989758828021710571e-03 1.171523364894017506e-04
4.974000000000000199e+00 4.977999999999999758e+00 4.975999999999999979e+00 2.808387377127783292e-03 1.205803881996400233e-04
4.978000000000000647e+00 4.982000000000000206e+00 4.980000000000000426e+00 2.893845965753537829e-03 1.241125642362709940e-04
4.982000000000000206e+00 4.985999999999999766e+00 4.983999999999999986e+00 2.739615091124784733e-03 1.223171984834284384e-04
4.985999999999999766e+00 4.989999999999999325e+00 4.987999999999999545e+00 2.851703547477096781e-03 1.225616886341811534e-04
4.990000000000000213e+00 4.993999999999999773e+00 4.991999999999999993e+00 2.843471582488122599e-03 1.269701326560566165e-04
4.994000000000000661e+00 4.998000000000000220e+00 4.996000000000000441e+00 3.089947295476481830e-03 1.206671052532449644e-04
4.998000000000000220e+00 5.001999999999999780e+00 5.000000000000000000e+00 3.032941103126762707e-03 1.200757691502919781e-04
5.001999999999999780e+00 5.005999999999999339e+00 5.003999999999999559e+00 2.879645909095815241e-03 1.264046609964424679e-04
5.006000000000000227e+00 5.009999999999999787e+00 5.008000000000000007e+00 3.048077450751895609e-03 1.230928206916734942e-04
5.010000000000000675e+00 5.014000000000000234e+00 5.012000000000000455e+00 2.875955156105878142e-03 1.250113911451899268e-04
5.014000000000000234e+00 5.017999999999999794e+00 5.016000000000000014e+00 3.029660465004479358e-03 1.216203076318065891e-04
5.017999999999999794e+00 5.021999999999999353e+00 5.019999999999999574e+00 2.955267374015984987e-03 1.281352981753397036e-04
5.022000000000000242e+00 5.025999999999999801e+00 5.024000000000000021e+00 2.777567661245911642e-03 1.293729243158789571e-04
5.026000000000000689e+00 5.030000000000000249e+00 5.028000000000000469e+00 3.022635201980699172e-03 1.274139147958300105e-04
5.030000000000000249e+00 5.033999999999999808e+00 5.032000000000000028e+00 2.925202992438387124e-03 1.301558599732552759e-04
5.033999999999999808e+00 5.037999999999999368e+00 5.035999999999999588e+00 2.953935619327011965e-03 1.257949901643982905e-04
5.038000000000000256e+00 5.041999999999999815e+00 5.040000000000000036e+00 3.066782919197837305e-03 1.260527438155760590e-04
5.042000000000000703e+00 5.046000000000000263e+00 5.044000000000000483e+00 3.071379475218803060e-03 1.236793143268659606e-04
5.046000000000000263e+00 5.049999999999999822e+00 5.048000000000000043e+00 2.873467353220802208e-03 1.243502266286979454e-04
5.049999999999999822e+00 5.053999999999999382e+00 5.051999999999999602e+00 2.784065490688532405e-03 1.240082640760390808e-04
5.054000000000000270e+00 5.057999999999999829e+00 5.056000000000000050e+00 3.017067372563828759e-03 1.211447338473955343e-04
5.058000000000000718e+00 5.062000000000000277e+00 5.060000000000000497e+00 2.948663635344305183e-03 1.311049359920309488e-04
5.062000000000000277e+00 5.065999999999999837e+00 5.064000000000000057e+00 2.889461490429610837e-03 1.263352399823517423e-04
5.065999999999999837e+00 5.069999999999999396e+00 5.067999999999999616e+00 2.843571836115294221e-03 1.284305315540190239e-04
5.070000000000000284e+00 5.073999999999999844e+00 5.072000000000000064e+00 2.951768532319394307e-03 1.239727619961994269e-04
5.074000000000000732e+00 5.078000000000000291e+00 5.076000000000000512e+00 2.943663318591262755e-03 1.278010544560239238e-04
5.078000000000000291e+00 5.081999999999999851e+00 5.080000000000000071e+00 2.755427138922090374e-03 1.252267385076956266e-04
5.081999999999999851e+00 5.085999999999999410e+00 5.083999999999999631e+00 2.936612397228661325e-03 1.244888071780141168e-04
5.086000000000000298e+00 5.089999999999999858e+00 5.088000000000000078e+00 2.815892649125590480e-03 1.258782889863112840e-04
5.090000000000000746e+00 5.094000000000000306e+00 5.092000000000000526e+00 2.867261410271754359e-03 1.232662173864290840e-04
5.094000000000000306e+00 5.097999999999999865e+00 5.096000000000000085e+00 3.048843575434407021e-03 1.270689547861930712e-04
5.097999999999999865e+00 5.101999999999999424e+00 5.099999999999999645e+00 2.753165376655663382e-03 1.277296890457618912e-04
5.102000000000000313e+00 5.105999999999999872e+00 5.104000000000000092e+00 2.896379448203920733e-03 1.267803546723469141e-04
5.106000000000000760e+00 5.110000000000000320e+00 5.108000000000000540e+00 2.887287280732910976e-03 1.256937436179482958e-04
5.110000000000000320e+00 5.113999999999999879e+00 5.112000000000000099e+00 2.844070767851418057e-03 1.281031093337480452e-04
5.113999999999999879e+00 5.117999999999999439e+00 5.115999999999999659e+00 2.556022080287052422e-03 1.187701096098245563e-04
5.118000000000000327e+00 5.121999999999999886e+00 5.120000000000000107e+00 3.027724501634402720e-03 1.321167678456422597e-04
5.122000000000000774e+00 5.126000000000000334e+00 5.124000000000000554e+00 2.734166147191075414e-03 1.245484629291337346e-04
5.126000000000000334e+00 5.129999999999999893e+00 5.128000000000000114e+00 2.905528127443786964e-03 1.252909216516727203e-04
5.129999999999999893e+00 5.133999999999999453e+00 5.131999999999999673e+00 2.815867590157254772e-03 1.726914510510102528e-04
5.134000000000000341e+00 5.137999999999999901e+00 5.136000000000000121e+00 3.010041502970249843e-03 1.297564782853089232e-04
5.138000000000000789e+00 5.142000000000000348e+00 5.140000000000000568e+00 2.785544790296269439e-03 1.269105553794574461e-04
5.142000000000000348e+00 5.145999999999999908e+00 5.144000000000000128e+00 3.151688291223777444e-03 1.337089586890001080e-04
5.145999999999999908e+00 5.149999999999999467e+00 5.147999999999999687e+00 2.777589166837869487e-03 1.282173673949189266e-04
5.150000000000000355e+00 5.153999999999999915e+00 5.152000000000000135e+00 2.739172059924868240e-03 1.314921131080777888e-04
5.154000000000000803e+00 5.158000000000000362e+00 5.156000000000000583e+00 3.005252505479024446e-03 1.877039330207274932e-04
5.158000000000000362e+00 5.161999999999999922e+00 5.160000000000000142e+00 2.786293146532046062e-03 1.530606894594822376e-04
5.161999999999999922e+00 5.165999999999999481e+00 5.163999999999999702e+00 2.995757923059182842e-03 1.308633385237631906e-04
5.166000000000000369e+00 5.169999999999999929e+00 5.168000000000000149e+00 2.746376033986573130e-03 1.640389521356706577e-04

